0.105 0.989985 0.989985 2 1 0
0.106285 0.973829 0.973829 1 1 0
0.107578 0.957883 0.957883 1 1 0
0.108052 0.952118 0.952118 2 1 0
0.110665 0.921033 0.921033 2 1 0
0.114637 0.876035 0.876035 2 1 0
0.120705 0.812131 0.812131 2 1 0
0.127646 0.745794 0.745794 2 1 0
0.134928 0.683585 0.683585 2 1 0
0.14282 0.624457 0.624457 2 1 0
0.151786 0.567173 0.567173 2 1 0
0.162649 0.510253 0.510253 2 1 0
0.176974 0.451802 0.451802 2 1 0
0.185505 0.423778 0.423778 2 1 0
0.211697 0.358573 0.358573 1 1 0
0.256388 0.287934 0.287934 1 1 0
0.326297 0.222807 0.222807 1 1 0
0.413334 0.17486 0.17486 1 1 0
0.507713 0.142053 0.142053 1 1 0
0.605031 0.119103 0.119103 1 1 0
0.703619 0.102376 0.102376 1 1 0
0.802813 0.0897099 0.0897099 1 1 0
0.902322 0.0798085 0.0798085 1 1 0
1.00201 0.0718646 0.0718646 1 1 0
1.10179 0.0653536 0.0653536 1 1 0
1.20165 0.0599216 0.0599216 1 1 0
1.30154 0.0553218 0.0553218 1 1 0
1.40146 0.0513769 0.0513769 1 1 0
1.5014 0.0479566 0.0479566 1 1 0
1.60136 0.044963 0.044963 1 1 0
1.70132 0.0423209 0.0423209 1 1 0
1.8013 0.039972 0.039972 1 1 0
1.90127 0.03787 0.03787 1 1 0
2.00126 0.035978 0.035978 1 1 0
0.105 0.989985 0.989985 2 1 0
0.103724 1.00635 1.00635 1 1 0
0.102458 1.02292 1.02292 1 1 0
0.0999553 1.05665 1.05665 1 1 0
0.0962889 1.10862 1.10862 1 1 0
0.0910188 1.18931 1.18931 1 1 0
0.0855366 1.28201 1.28201 1 1 0
0.0804808 1.37705 1.37705 1 1 0
0.0758554 1.47369 1.47369 1 1 0
0.0716424 1.5714 1.5714 1 1 0
0.0678114 1.66983 1.66983 1 1 0
0.0643272 1.76874 1.76874 1 1 0
0.0611542 1.86797 1.86797 1 1 0
0.0582585 1.96741 1.96741 1 1 0
0.0556095 2.067 2.067 1 1 0
0.0531796 2.1667 2.1667 1 1 0
0.0509447 2.26648 2.26648 1 1 0
0.0488837 2.36631 2.36631 1 1 0
0.046978 2.46617 2.46617 1 1 0
0.0452114 2.56607 2.56607 1 1 0
0.0435697 2.66599 2.66599 1 1 0
0.0420406 2.76592 2.76592 1 1 0
0.0406132 2.86587 2.86587 1 1 0
0.0392779 2.96583 2.96583 1 1 0
0.0380263 3.06579 3.06579 1 1 0
0.0368508 3.16576 3.16576 1 1 0
0.0357449 3.26574 3.26574 1 1 0
0.0347027 3.36572 3.36572 1 1 0
0.0337189 3.4657 3.4657 1 1 0
0.0327887 3.56569 3.56569 1 1 0
0.031908 3.66567 3.66567 1 1 0
0.0310729 3.76566 3.76566 1 1 0
0.0302801 3.86565 3.86565 1 1 0
0.0295265 3.96565 3.96565 1 1 0
0.0288091 4.06564 4.06564 1 1 0
0.0281256 4.16563 4.16563 1 1 0
0.0274735 4.26563 4.26563 1 1 0
0.0268508 4.36562 4.36562 1 1 0
0.0262555 4.46562 4.46562 1 1 0
0.025686 4.56562 4.56562 1 1 0
0.0251404 4.66561 4.66561 1 1 0
0.0246175 4.76561 4.76561 1 1 0
0.0241157 4.86561 4.86561 1 1 0
0.023634 4.9656 4.9656 1 1 0
0.023171 5.0656 5.0656 1 1 0
0.0227257 5.1656 5.1656 1 1 0
0.0222971 5.2656 5.2656 1 1 0
0.0218844 5.3656 5.3656 1 1 0
0.0214866 5.46559 5.46559 1 1 0
0.021103 5.56559 5.56559 1 1 0
0.0207327 5.66559 5.66559 1 1 0
0.0203752 5.76559 5.76559 1 1 0
0.0200298 5.86559 5.86559 1 1 0
0.0196959 5.96559 5.96559 1 1 0
0.0193729 6.06559 6.06559 1 1 0
0.0190602 6.16559 6.16559 1 1 0
0.0187575 6.26559 6.26559 1 1 0
0.0184642 6.36559 6.36559 1 1 0
0.01818 6.46559 6.46559 1 1 0
0.0179043 6.56558 6.56558 1 1 0
0.0176369 6.66558 6.66558 1 1 0
0.0173773 6.76558 6.76558 1 1 0
0.0171252 6.86558 6.86558 1 1 0
0.0168803 6.96558 6.96558 1 1 0
0.0166423 7.06558 7.06558 1 1 0
0.0164109 7.16558 7.16558 1 1 0
0.0161858 7.26558 7.26558 1 1 0
0.0159669 7.36558 7.36558 1 1 0
0.0157537 7.46558 7.46558 1 1 0
0.0155462 7.56558 7.56558 1 1 0
0.015344 7.66558 7.66558 1 1 0
0.015147 7.76558 7.76558 1 1 0
0.0149551 7.86558 7.86558 1 1 0
0.0147679 7.96558 7.96558 1 1 0
0.0145853 8.06558 8.06558 1 1 0
0.0144072 8.16558 8.16558 1 1 0
0.0142334 8.26558 8.26558 1 1 0
0.0140637 8.36558 8.36558 1 1 0
0.013898 8.46558 8.46558 1 1 0
0.0137362 8.56558 8.56558 1 1 0
0.013578 8.66558 8.66558 1 1 0
0.0134235 8.76558 8.76558 1 1 0
0.0132725 8.86558 8.86558 1 1 0
0.0131248 8.96558 8.96558 1 1 0
0.0129803 9.06558 9.06558 1 1 0
0.012839 9.16558 9.16558 1 1 0
0.0127008 9.26558 9.26558 1 1 0
0.0125654 9.36558 9.36558 1 1 0
0.012433 9.46558 9.46558 1 1 0
0.0123033 9.56558 9.56558 1 1 0
0.0121762 9.66558 9.66558 1 1 0
0.0120518 9.76558 9.76558 1 1 0
0.0119299 9.86558 9.86558 1 1 0
0.0118104 9.96558 9.96558 1 1 0
0.0116933 10.0656 10.0656 1 1 0
0.0115784 10.1656 10.1656 1 1 0
0.0114659 10.2656 10.2656 1 1 0
0.0113554 10.3656 10.3656 1 1 0
0.0112471 10.4656 10.4656 1 1 0
0.0111408 10.5656 10.5656 1 1 0
0.0110366 10.6656 10.6656 1 1 0
0.0109342 10.7656 10.7656 1 1 0
0.0108337 10.8656 10.8656 1 1 0
0.0107351 10.9656 10.9656 1 1 0
0.0106382 11.0656 11.0656 1 1 0
0.0105431 11.1656 11.1656 1 1 0
0.0104496 11.2656 11.2656 1 1 0
0.0103578 11.3656 11.3656 1 1 0
0.0102676 11.4656 11.4656 1 1 0
0.010179 11.5656 11.5656 1 1 0
0.0100918 11.6656 11.6656 1 1 0
0.0100062 11.7656 11.7656 1 1 0
0.00992195 11.8656 11.8656 1 1 0
0.00983914 11.9656 11.9656 1 1 0
0.00975769 12.0656 12.0656 1 1 0
0.00967759 12.1656 12.1656 1 1 0
0.00959878 12.2656 12.2656 1 1 0
0.00952125 12.3656 12.3656 1 1 0
0.00944497 12.4656 12.4656 1 1 0
0.00936989 12.5656 12.5656 1 1 0
0.00929599 12.6656 12.6656 1 1 0
0.00922326 12.7656 12.7656 1 1 0
0.00915165 12.8656 12.8656 1 1 0
0.00908114 12.9656 12.9656 1 1 0
0.00901171 13.0656 13.0656 1 1 0
0.00894334 13.1656 13.1656 1 1 0
0.00887599 13.2656 13.2656 1 1 0
0.00880965 13.3656 13.3656 1 1 0
0.00874429 13.4656 13.4656 1 1 0
0.0086799 13.5656 13.5656 1 1 0
0.00861645 13.6656 13.6656 1 1 0
0.00855391 13.7656 13.7656 1 1 0
0.00849228 13.8656 13.8656 1 1 0
0.00843153 13.9656 13.9656 1 1 0
0.00837164 14.0656 14.0656 1 1 0
0.0083126 14.1656 14.1656 1 1 0
0.00825438 14.2656 14.2656 1 1 0
0.00819697 14.3656 14.3656 1 1 0
0.00814036 14.4656 14.4656 1 1 0
0.00808452 14.5656 14.5656 1 1 0
0.00802944 14.6656 14.6656 1 1 0
0.00797511 14.7656 14.7656 1 1 0
0.0079215 14.8656 14.8656 1 1 0
0.00786862 14.9656 14.9656 1 1 0
0.00781643 15.0656 15.0656 1 1 0
0.00776493 15.1656 15.1656 1 1 0
0.00771411 15.2656 15.2656 1 1 0
0.00766394 15.3656 15.3656 1 1 0
0.00761442 15.4656 15.4656 1 1 0
0.00756554 15.5656 15.5656 1 1 0
0.00751729 15.6656 15.6656 1 1 0
0.00746964 15.7656 15.7656 1 1 0
0.00742259 15.8656 15.8656 1 1 0
0.00737614 15.9656 15.9656 1 1 0
0.00733026 16.0656 16.0656 1 1 0
0.00728494 16.1656 16.1656 1 1 0
0.00724019 16.2656 16.2656 1 1 0
0.00719598 16.3656 16.3656 1 1 0
0.0071523 16.4656 16.4656 1 1 0
0.00710916 16.5656 16.5656 1 1 0
0.00706653 16.6656 16.6656 1 1 0
0.00702441 16.7656 16.7656 1 1 0
0.00698278 16.8656 16.8656 1 1 0
0.00694165 16.9656 16.9656 1 1 0
0.006901 17.0656 17.0656 1 1 0
0.00686082 17.1656 17.1656 1 1 0
0.00682111 17.2656 17.2656 1 1 0
0.00678186 17.3656 17.3656 1 1 0
0.00674305 17.4656 17.4656 1 1 0
0.00670469 17.5656 17.5656 1 1 0
0.00666675 17.6656 17.6656 1 1 0
0.00662925 17.7656 17.7656 1 1 0
0.00659217 17.8656 17.8656 1 1 0
0.00655549 17.9656 17.9656 1 1 0
0.00651923 18.0656 18.0656 1 1 0
0.00648336 18.1656 18.1656 1 1 0
0.00644788 18.2656 18.2656 1 1 0
0.00641279 18.3656 18.3656 1 1 0
0.00637808 18.4656 18.4656 1 1 0
0.00634375 18.5656 18.5656 1 1 0
0.00630978 18.6656 18.6656 1 1 0
0.00627617 18.7656 18.7656 1 1 0
0.00624292 18.8656 18.8656 1 1 0
0.00621002 18.9656 18.9656 1 1 0
0.00617747 19.0656 19.0656 1 1 0
0.00614525 19.1656 19.1656 1 1 0
0.00611337 19.2656 19.2656 1 1 0
0.00608182 19.3656 19.3656 1 1 0
0.00605059 19.4656 19.4656 1 1 0
0.00601968 19.5656 19.5656 1 1 0
0.00598908 19.6656 19.6656 1 1 0
0.0059588 19.7656 19.7656 1 1 0
0.00592882 19.8656 19.8656 1 1 0
0.00589913 19.9656 19.9656 1 1 0
0.00586975 20.0656 20.0656 1 1 0
0.00584065 20.1656 20.1656 1 1 0
0.00581185 20.2656 20.2656 1 1 0
0.00578332 20.3656 20.3656 1 1 0
0.00575507 20.4656 20.4656 1 1 0
0.0057271 20.5656 20.5656 1 1 0
0.108052 0.952118 0.952118 4 2 0
0.108049 0.965122 0.939257 4 2 0
0.108049 0.965703 0.938688 4 2 0
0.108024 1.00544 0.900799 4 2 0
0.107938 1.0672 0.845698 4 2 0
0.107729 1.16465 0.767259 4 2 0
0.107474 1.27709 0.685612 4 2 0
0.107299 1.40442 0.600604 4 2 0
0.107292 1.43031 0.583207 4 2 0
0.107706 1.58262 0.478328 3 2 0
0.111482 1.67792 0.357416 3 2 0
0.124095 1.59971 0.275123 3 2 0
0.134644 1.50722 0.245904 3 2 0
0.145637 1.40472 0.227262 3 2 0
0.157358 1.29031 0.21423 3 2 0
0.169062 1.1483 0.208391 3 2 0
0.178407 0.957271 0.216239 3 2 0
0.182607 0.750236 0.249334 3 2 0
0.18446 0.585003 0.30899 3 2 0
0.185496 0.436886 0.411061 3 2 0
0.185346 0.478147 0.375683 3 2 0
0.184033 0.626468 0.290166 3 2 0
0.181882 0.802014 0.23782 3 2 0
0.176749 1.00607 0.212065 3 2 0
0.166187 1.18884 0.208775 3 2 0
0.154017 1.32571 0.217203 3 2 0
0.142413 1.43705 0.232127 3 2 0
0.13175 1.53282 0.253443 3 2 0
0.12213 1.61638 0.282235 3 2 0
0.113603 1.6761 0.333462 3 2 0
0.107611 1.56922 0.488733 3 2 0
0.107292 1.43088 0.583488 4 2 0
0.107477 1.2757 0.686609 4 2 0
0.107822 1.12455 0.798285 4 2 0
0.108042 0.982499 0.922405 4 2 0
0.10805 0.958026 0.946259 4 2 0
0.10805 0.959224 0.945075 4 2 0
0.107884 1.09532 0.822131 4 2 0
0.107539 1.24633 0.707221 4 2 0
0.1073 1.40343 0.601181 4 2 0
0.107292 1.43098 0.583266 4 2 0
0.107705 1.58335 0.47835 3 2 0
0.111481 1.67787 0.35785 3 2 0
0.124095 1.59973 0.275112 3 2 0
0.134644 1.5068 0.245961 3 2 0
0.145636 1.40495 0.22712 3 2 0
0.157357 1.29144 0.214202 3 2 0
0.169062 1.14925 0.20827 3 2 0
0.178407 0.95821 0.216296 3 2 0
0.182607 0.750738 0.249359 3 2 0
0.18446 0.585072 0.309014 3 2 0
0.185496 0.436889 0.411062 3 2 0
0.185346 0.478221 0.375689 3 2 0
0.184033 0.625924 0.290007 3 2 0
0.181883 0.80215 0.237618 3 2 0
0.176749 1.00605 0.21193 3 2 0
0.166187 1.18854 0.208706 3 2 0
0.154017 1.32514 0.217901 3 2 0
0.142413 1.43623 0.231783 3 2 0
0.13175 1.5325 0.252435 3 2 0
0.12213 1.61598 0.283008 3 2 0
0.113603 1.6757 0.334059 3 2 0
0.107611 1.56887 0.488639 3 2 0
0.107292 1.43088 0.58332 4 2 0
0.107477 1.2757 0.686517 4 2 0
0.107822 1.12433 0.798318 4 2 0
0.108042 0.982531 0.922445 3 2 0
0.10805 0.958002 0.94629 4 2 0
0.10805 0.959199 0.945106 4 2 0
0.107885 1.09524 0.822091 4 2 0
0.107539 1.24611 0.707092 4 2 0
0.1073 1.40216 0.60154 4 2 0
0.107292 1.43018 0.583086 4 2 0
0.107705 1.58306 0.478212 3 2 0
0.111481 1.67968 0.357634 3 2 0
0.124095 1.59685 0.275259 3 2 0
0.134644 1.50751 0.246047 3 2 0
0.145637 1.40495 0.227024 3 2 0
0.157358 1.29095 0.214428 3 2 0
0.169062 1.14844 0.208061 3 2 0
0.178407 0.959252 0.215833 3 2 0
0.182607 0.750616 0.249469 3 2 0
0.18446 0.584974 0.308973 3 2 0
0.185496 0.436881 0.411086 3 2 0
0.185346 0.478195 0.375712 3 2 0
0.184033 0.626218 0.290004 3 2 0
0.181882 0.802196 0.23762 3 2 0
0.176749 1.00612 0.211966 3 2 0
0.166187 1.18879 0.208725 3 2 0
0.154017 1.32576 0.217359 3 2 0
0.142413 1.43595 0.231918 3 2 0
0.13175 1.53253 0.252522 3 2 0
0.12213 1.61575 0.282476 3 2 0
0.113603 1.67564 0.333303 3 2 0
0.107611 1.56965 0.488665 3 2 0
0.107292 1.42974 0.583544 4 2 0
0.107477 1.27548 0.686702 4 2 0
0.107822 1.12469 0.798359 4 2 0
0.108042 0.982508 0.922428 4 2 0
0.10805 0.958072 0.946213 4 2 0
0.10805 0.95927 0.945025 4 2 0
0.107884 1.09535 0.822034 4 2 0
0.107539 1.24631 0.707026 4 2 0
0.1073 1.40324 0.601089 4 2 0
0.107292 1.43021 0.583078 4 2 0
0.107705 1.58334 0.478208 3 2 0
0.111481 1.68047 0.357897 3 2 0
0.124095 1.59884 0.275257 3 2 0
0.134644 1.5054 0.246664 3 2 0
0.145637 1.40668 0.22697 3 2 0
0.157357 1.29147 0.214416 3 2 0
0.169062 1.1485 0.207939 3 2 0
0.178407 0.957043 0.215579 3 2 0
0.182607 0.750563 0.249684 3 2 0
0.18446 0.58509 0.309156 3 2 0
0.185496 0.43689 0.411062 3 2 0
0.185346 0.478264 0.375717 3 2 0
0.184033 0.626446 0.290128 3 2 0
0.181883 0.802608 0.237875 3 2 0
0.17675 1.00456 0.212113 3 2 0
0.166188 1.18838 0.209053 3 2 0
0.154018 1.32586 0.217348 3 2 0
0.142413 1.43672 0.231774 3 2 0
0.13175 1.53229 0.252433 3 2 0
0.12213 1.61594 0.283403 3 2 0
0.113603 1.67608 0.333499 3 2 0
0.107611 1.56946 0.488591 3 2 0
0.107292 1.42936 0.583176 4 2 0
0.107477 1.27503 0.686694 4 2 0
0.107822 1.12476 0.79823 4 2 0
0.108042 0.982528 0.922393 4 2 0
0.10805 0.958029 0.946261 4 2 0
0.10805 0.959227 0.945076 4 2 0
0.107884 1.09541 0.82215 4 2 0
0.107539 1.2457 0.707261 4 2 0
0.1073 1.40268 0.601147 4 2 0
0.107292 1.43082 0.583056 4 2 0
0.107705 1.58292 0.478346 3 2 0
0.111481 1.67788 0.357632 3 2 0
0.124095 1.59973 0.275543 3 2 0
0.134644 1.50679 0.246296 3 2 0
0.145636 1.40696 0.226955 3 2 0
0.157357 1.29064 0.214021 3 2 0
0.169062 1.14745 0.208082 3 2 0
0.178406 0.958864 0.215764 3 2 0
0.182607 0.750678 0.249776 3 2 0
0.18446 0.584963 0.308943 3 2 0
0.185496 0.436887 0.411057 3 2 0
0.185346 0.478153 0.375731 3 2 0
0.184033 0.626577 0.290169 3 2 0
0.181883 0.802698 0.237646 3 2 0
0.176749 1.00499 0.211922 3 2 0
0.166187 1.18824 0.208831 3 2 0
0.154017 1.32588 0.217592 3 2 0
0.142413 1.43702 0.231723 3 2 0
0.13175 1.53327 0.252862 3 2 0
0.12213 1.61646 0.282737 3 2 0
0.113603 1.67464 0.333668 3 2 0
0.107611 1.56925 0.488816 3 2 0
0.107292 1.42975 0.583185 4 2 0
0.107477 1.27518 0.686525 4 2 0
0.107822 1.12474 0.798196 4 2 0
0.108042 0.982521 0.922376 3 2 0
0.10805 0.958001 0.946268 4 2 0
0.10805 0.959194 0.945082 4 2 0
0.107884 1.09523 0.822061 4 2 0
0.107539 1.24631 0.707152 4 2 0
0.1073 1.40281 0.601149 4 2 0
0.107292 1.43029 0.583134 4 2 0
0.107705 1.58241 0.478593 3 2 0
0.111481 1.68024 0.357414 3 2 0
0.124095 1.59815 0.275301 3 2 0
0.134644 1.5072 0.246487 3 2 0
0.145636 1.40581 0.226981 3 2 0
0.157357 1.29143 0.21432 3 2 0
0.169062 1.14935 0.207945 3 2 0
0.178407 0.958942 0.215521 3 2 0
0.182607 0.750949 0.249608 3 2 0
0.18446 0.585002 0.308985 3 2 0
0.185496 0.436886 0.411128 3 2 0
0.185346 0.478277 0.375692 3 2 0
0.184033 0.626462 0.290048 3 2 0
0.181882 0.801976 0.237684 3 2 0
0.176749 1.00578 0.211912 3 2 0
0.166187 1.18771 0.20888 3 2 0
0.154018 1.32587 0.217176 3 2 0
0.142414 1.43625 0.23174 3 2 0
0.13175 1.53253 0.253322 3 2 0
0.122131 1.61615 0.282262 3 2 0
0.113603 1.67268 0.333957 3 2 0
0.107611 1.56783 0.488968 3 2 0
0.107292 1.43067 0.583164 4 2 0
0.107477 1.27513 0.686541 4 2 0
0.107822 1.12476 0.798225 4 2 0
0.108042 0.98246 0.922389 4 2 0
0.10805 0.95807 0.946219 4 2 0
0.10805 0.959269 0.945031 4 2 0
0.107884 1.09546 0.822038 4 2 0
0.107539 1.2462 0.707116 4 2 0
0.1073 1.40341 0.601287 4 2 0
0.185504 0.423778 0.423778 4 3 0
0.185496 0.43633 0.411588 3 3 0
0.185495 0.436964 0.410991 3 3 0
0.185354 0.476671 0.376963 3 3 0
0.185035 0.523023 0.344051 3 3 0
0.184557 0.575323 0.313982 3 3 0
0.18394 0.635382 0.286368 3 3 0
0.183152 0.706562 0.261578 3 3 0
0.181497 0.826513 0.233258 3 3 0
0.177977 0.972209 0.214567 3 3 0
0.170776 1.12188 0.208488 3 3 0
0.16054 1.2566 0.211728 3 3 0
0.149051 1.37475 0.223238 3 3 0
0.13783 1.47866 0.239572 3 3 0
0.127599 1.56932 0.263745 3 3 0
0.118424 1.64442 0.299765 3 3 0
0.110463 1.67742 0.37361 3 3 0
0.107315 1.47388 0.554701 3 3 0
0.107292 1.43005 0.583016 3 3 0
0.107477 1.27552 0.68666 4 3 0
0.107821 1.12487 0.798222 4 3 0
0.108042 0.98266 0.922247 4 3 0
0.10805 0.957619 0.946661 4 3 0
0.10805 0.958809 0.945482 4 3 0
0.107885 1.09474 0.822424 4 3 0
0.10754 1.24584 0.707429 4 3 0
0.1073 1.40262 0.601627 4 3 0
0.107292 1.43108 0.583059 4 3 0
0.107705 1.58343 0.478277 3 3 0
0.111481 1.68017 0.35745 3 3 0
0.124095 1.60003 0.275266 3 3 0
0.134644 1.50564 0.246359 3 3 0
0.145636 1.4065 0.227375 3 3 0
0.157357 1.28979 0.214102 3 3 0
0.169062 1.14741 0.208064 3 3 0
0.178407 0.958912 0.215892 3 3 0
0.182607 0.751022 0.249633 3 3 0
0.18446 0.585068 0.308973 3 3 0
0.185496 0.436883 0.411062 3 3 0
0.185346 0.478265 0.375681 3 3 0
0.184033 0.626137 0.290115 3 3 0
0.181882 0.800796 0.237831 3 3 0
0.176749 1.0061 0.212075 3 3 0
0.166187 1.18743 0.208628 3 3 0
0.154017 1.32548 0.217083 3 3 0
0.142413 1.43653 0.232498 3 3 0
0.13175 1.53333 0.252432 3 3 0
0.12213 1.61641 0.283197 3 3 0
0.113603 1.67603 0.333332 3 3 0
0.107611 1.56969 0.488606 3 3 0
0.107292 1.43063 0.583387 4 3 0
0.107477 1.27568 0.686517 4 3 0
0.107822 1.12453 0.798205 4 3 0
0.108042 0.982525 0.922375 4 3 0
0.10805 0.958063 0.946224 4 3 0
0.10805 0.959261 0.945039 4 3 0
0.107884 1.09537 0.822059 4 3 0
0.107539 1.24637 0.707138 4 3 0
0.1073 1.40306 0.601237 4 3 0
0.107292 1.43034 0.58314 4 3 0
0.107705 1.58342 0.478187 3 3 0
0.111481 1.68033 0.357674 3 3 0
0.124095 1.59944 0.275057 3 3 0
0.134644 1.50748 0.24594 3 3 0
0.145636 1.40337 0.227009 3 3 0
0.157357 1.29105 0.214196 3 3 0
0.169062 1.14845 0.208109 3 3 0
0.178407 0.959064 0.215597 3 3 0
0.182607 0.750882 0.249234 3 3 0
0.18446 0.584889 0.309039 3 3 0
0.185496 0.43689 0.411058 3 3 0
0.185346 0.478205 0.375709 3 3 0
0.184033 0.626368 0.290071 3 3 0
0.181883 0.802484 0.23773 3 3 0
0.17675 1.0043 0.212093 3 3 0
0.166188 1.18819 0.208956 3 3 0
0.154018 1.32469 0.217064 3 3 0
0.142414 1.43605 0.232244 3 3 0
0.13175 1.53324 0.252935 3 3 0
0.122131 1.61646 0.282266 3 3 0
0.113603 1.67459 0.333655 3 3 0
0.107611 1.56926 0.48861 3 3 0
0.107292 1.43082 0.583442 4 3 0
0.107477 1.27566 0.686597 4 3 0
0.107822 1.12464 0.798247 4 3 0
0.108042 0.982519 0.9224 4 3 0
0.10805 0.95804 0.946245 4 3 0
0.10805 0.959233 0.945058 4 3 0
0.107884 1.09543 0.822024 4 3 0
0.107539 1.24567 0.707044 4 3 0
0.1073 1.40283 0.601123 4 3 0
0.107292 1.4306 0.583066 4 3 0
0.107705 1.58228 0.4784 3 3 0
0.111481 1.67903 0.357609 3 3 0
0.124095 1.599 0.275162 3 3 0
0.134643 1.50744 0.246718 3 3 0
0.145637 1.40713 0.227634 3 3 0
0.157357 1.29133 0.214029 3 3 0
0.169062 1.14785 0.20814 3 3 0
0.178407 0.958769 0.215714 3 3 0
0.182607 0.750829 0.249543 3 3 0
0.18446 0.584898 0.309032 3 3 0
0.185496 0.436882 0.411064 3 3 0
0.185346 0.478252 0.375692 3 3 0
0.184033 0.625873 0.290021 3 3 0
0.181882 0.802285 0.237685 3 3 0
0.176749 1.00598 0.212035 3 3 0
0.166187 1.18888 0.208627 3 3 0
0.154017 1.32586 0.217085 3 3 0
0.142413 1.43705 0.232081 3 3 0
0.13175 1.53334 0.252622 3 3 0
0.12213 1.61576 0.283093 3 3 0
0.113603 1.67592 0.333561 3 3 0
0.107611 1.56919 0.488581 3 3 0
0.107292 1.43008 0.583126 4 3 0
0.107477 1.27495 0.686652 4 3 0
0.107822 1.12477 0.798331 4 3 0
0.108042 0.982493 0.922385 4 3 0
0.10805 0.958043 0.946238 4 3 0
0.10805 0.95924 0.945051 4 3 0
0.107884 1.09542 0.822087 4 3 0
0.107539 1.24592 0.707155 4 3 0
0.1073 1.4032 0.601133 4 3 0
0.107292 1.43052 0.583424 4 3 0
0.107705 1.58237 0.478285 3 3 0
0.111481 1.68022 0.357508 3 3 0
0.124095 1.59834 0.274866 3 3 0
0.134644 1.50714 0.246163 3 3 0
0.145636 1.40693 0.227201 3 3 0
0.157357 1.29134 0.214437 3 3 0
0.169062 1.14896 0.208068 3 3 0
0.178407 0.957074 0.215832 3 3 0
0.182607 0.750741 0.249268 3 3 0
0.18446 0.584935 0.309156 3 3 0
0.185496 0.436886 0.411121 3 3 0
0.185346 0.478198 0.375706 3 3 0
0.184033 0.626425 0.290008 3 3 0
0.181882 0.802571 0.237624 3 3 0
0.176749 1.0061 0.211956 3 3 0
0.166187 1.18758 0.208739 3 3 0
0.154017 1.32415 0.217406 3 3 0
0.142413 1.43705 0.231843 3 3 0
0.13175 1.53282 0.252973 3 3 0
0.12213 1.61582 0.282322 3 3 0
0.113603 1.67487 0.333423 3 3 0
0.107611 1.56798 0.488592 3 3 0
0.107292 1.4309 0.583265 4 3 0
0.107477 1.27509 0.686685 4 3 0
0.107822 1.12477 0.798234 4 3 0
0.108042 0.982493 0.922396 4 3 0
0.10805 0.958074 0.946211 4 3 0
0.10805 0.959273 0.945023 4 3 0
0.107884 1.09546 0.822003 4 3 0
0.107539 1.2464 0.707017 4 3 0
0.1073 1.40264 0.601127 4 3 0
0.107292 1.43077 0.583054 4 3 0
0.107706 1.58254 0.478448 3 3 0
0.111481 1.67931 0.357413 3 3 0
0.124095 1.59976 0.274772 3 3 0
0.134644 1.50564 0.246244 3 3 0
0.145637 1.40681 0.22745 3 3 0
0.157358 1.29087 0.214189 3 3 0
0.169062 1.14775 0.207941 3 3 0
0.178407 0.959171 0.215514 3 3 0
0.182607 0.750938 0.249417 3 3 0
0.18446 0.585071 0.309034 3 3 0
0.185496 0.436878 0.41111 3 3 0
0.185346 0.478235 0.37568 3 3 0
0.184033 0.626585 0.290013 3 3 0
0.181882 0.802685 0.237619 3 3 0
0.176749 1.00574 0.211911 3 3 0
0.166187 1.18798 0.209461 3 3 0
0.154017 1.32524 0.21732 3 3 0
0.142413 1.43685 0.23174 3 3 0
0.13175 1.53243 0.252831 3 3 0
0.12213 1.6166 0.282442 3 3 0
0.113603 1.67447 0.333301 3 3 0
0.107611 1.56713 0.488981 3 3 0
0.107292 1.43085 0.58317 4 3 0
0.107477 1.27565 0.686552 4 3 0
0.107822 1.12469 0.798288 4 3 0
0.108042 0.982526 0.922384 4 3 0
0.10805 0.95804 0.946243 4 3 0
0.10805 0.959231 0.945065 4 3 0
0.107884 1.09533 0.82217 4 3 0
0.107539 1.2462 0.707283 4 3 0
0.1073 1.40338 0.60111 4 3 0
0.107292 1.43059 0.583086 4 3 0
0.107705 1.5831 0.478474 3 3 0
0.111481 1.67868 0.357756 3 3 0
0.124095 1.59927 0.274909 3 3 0
0.134644 1.50745 0.245945 3 3 0
0.145637 1.40706 0.2271 3 3 0
0.157358 1.29066 0.214303 3 3 0
0.169062 1.14798 0.208109 3 3 0
0.178407 0.959244 0.215526 3 3 0
0.182607 0.750938 0.249383 3 3 0
0.18446 0.584969 0.30914 3 3 0
0.185496 0.436873 0.411065 3 3 0
0.185346 0.478172 0.375708 3 3 0
0.185504 0.423778 0.423778 4 3 0
0.185496 0.43633 0.411588 3 3 0
0.185495 0.436964 0.410991 3 3 0
0.185354 0.476671 0.376963 3 3 0
0.185035 0.523023 0.344051 3 3 0
0.184557 0.575323 0.313982 3 3 0
0.18394 0.635382 0.286368 3 3 0
0.183152 0.706562 0.261578 3 3 0
0.181497 0.826513 0.233258 3 3 0
0.177977 0.972209 0.214567 3 3 0
0.170776 1.12188 0.208488 3 3 0
0.16054 1.2566 0.211728 3 3 0
0.149051 1.37475 0.223238 3 3 0
0.13783 1.47866 0.239572 3 3 0
0.127599 1.56932 0.263745 3 3 0
0.118424 1.64442 0.299765 3 3 0
0.110463 1.67742 0.37361 3 3 0
0.107315 1.47388 0.554701 3 3 0
0.107292 1.43005 0.583016 3 3 0
0.107477 1.27552 0.68666 4 3 0
0.107821 1.12487 0.798222 4 3 0
0.108042 0.98266 0.922247 4 3 0
0.10805 0.957619 0.946661 4 3 0
0.10805 0.958809 0.945482 4 3 0
0.107885 1.09474 0.822424 4 3 0
0.10754 1.24584 0.707429 4 3 0
0.1073 1.40262 0.601627 4 3 0
0.107292 1.43108 0.583059 4 3 0
0.107705 1.58343 0.478277 3 3 0
0.111481 1.68017 0.35745 3 3 0
0.124095 1.60003 0.275266 3 3 0
0.134644 1.50564 0.246359 3 3 0
0.145636 1.4065 0.227375 3 3 0
0.157357 1.28979 0.214102 3 3 0
0.169062 1.14741 0.208064 3 3 0
0.178407 0.958912 0.215892 3 3 0
0.182607 0.751022 0.249633 3 3 0
0.18446 0.585068 0.308973 3 3 0
0.185496 0.436883 0.411062 3 3 0
0.185346 0.478265 0.375681 3 3 0
0.184033 0.626137 0.290115 3 3 0
0.181882 0.800796 0.237831 3 3 0
0.176749 1.0061 0.212075 3 3 0
0.166187 1.18743 0.208628 3 3 0
0.154017 1.32548 0.217083 3 3 0
0.142413 1.43653 0.232498 3 3 0
0.13175 1.53333 0.252432 3 3 0
0.12213 1.61641 0.283197 3 3 0
0.113603 1.67603 0.333332 3 3 0
0.107611 1.56969 0.488606 3 3 0
0.107292 1.43063 0.583387 4 3 0
0.107477 1.27568 0.686517 4 3 0
0.107822 1.12453 0.798205 4 3 0
0.108042 0.982525 0.922375 4 3 0
0.10805 0.958063 0.946224 4 3 0
0.10805 0.959261 0.945039 4 3 0
0.107884 1.09537 0.822059 4 3 0
0.107539 1.24637 0.707138 4 3 0
0.1073 1.40306 0.601237 4 3 0
0.107292 1.43034 0.58314 4 3 0
0.107705 1.58342 0.478187 3 3 0
0.111481 1.68033 0.357674 3 3 0
0.124095 1.59944 0.275057 3 3 0
0.134644 1.50748 0.24594 3 3 0
0.145636 1.40337 0.227009 3 3 0
0.157357 1.29105 0.214196 3 3 0
0.169062 1.14845 0.208109 3 3 0
0.178407 0.959064 0.215597 3 3 0
0.182607 0.750882 0.249234 3 3 0
0.18446 0.584889 0.309039 3 3 0
0.185496 0.43689 0.411058 3 3 0
0.185346 0.478205 0.375709 3 3 0
0.184033 0.626368 0.290071 3 3 0
0.181883 0.802484 0.23773 3 3 0
0.17675 1.0043 0.212093 3 3 0
0.166188 1.18819 0.208956 3 3 0
0.154018 1.32469 0.217064 3 3 0
0.142414 1.43605 0.232244 3 3 0
0.13175 1.53324 0.252935 3 3 0
0.122131 1.61646 0.282266 3 3 0
0.113603 1.67459 0.333655 3 3 0
0.107611 1.56926 0.48861 3 3 0
0.107292 1.43082 0.583442 4 3 0
0.107477 1.27566 0.686597 4 3 0
0.107822 1.12464 0.798247 4 3 0
0.108042 0.982519 0.9224 4 3 0
0.10805 0.95804 0.946245 4 3 0
0.10805 0.959233 0.945058 4 3 0
0.107884 1.09543 0.822024 4 3 0
0.107539 1.24567 0.707044 4 3 0
0.1073 1.40283 0.601123 4 3 0
0.107292 1.4306 0.583066 4 3 0
0.107705 1.58228 0.4784 3 3 0
0.111481 1.67903 0.357609 3 3 0
0.124095 1.599 0.275162 3 3 0
0.134643 1.50744 0.246718 3 3 0
0.145637 1.40713 0.227634 3 3 0
0.157357 1.29133 0.214029 3 3 0
0.169062 1.14785 0.20814 3 3 0
0.178407 0.958769 0.215714 3 3 0
0.182607 0.750829 0.249543 3 3 0
0.18446 0.584898 0.309032 3 3 0
0.185496 0.436882 0.411064 3 3 0
0.185346 0.478252 0.375692 3 3 0
0.184033 0.625873 0.290021 3 3 0
0.181882 0.802285 0.237685 3 3 0
0.176749 1.00598 0.212035 3 3 0
0.166187 1.18888 0.208627 3 3 0
0.154017 1.32586 0.217085 3 3 0
0.142413 1.43705 0.232081 3 3 0
0.13175 1.53334 0.252622 3 3 0
0.12213 1.61576 0.283093 3 3 0
0.113603 1.67592 0.333561 3 3 0
0.107611 1.56919 0.488581 3 3 0
0.107292 1.43008 0.583126 4 3 0
0.107477 1.27495 0.686652 4 3 0
0.107822 1.12477 0.798331 4 3 0
0.108042 0.982493 0.922385 4 3 0
0.10805 0.958043 0.946238 4 3 0
0.10805 0.95924 0.945051 4 3 0
0.107884 1.09542 0.822087 4 3 0
0.107539 1.24592 0.707155 4 3 0
0.1073 1.4032 0.601133 4 3 0
0.107292 1.43052 0.583424 4 3 0
0.107705 1.58237 0.478285 3 3 0
0.111481 1.68022 0.357508 3 3 0
0.124095 1.59834 0.274866 3 3 0
0.134644 1.50714 0.246163 3 3 0
0.145636 1.40693 0.227201 3 3 0
0.157357 1.29134 0.214437 3 3 0
0.169062 1.14896 0.208068 3 3 0
0.178407 0.957074 0.215832 3 3 0
0.182607 0.750741 0.249268 3 3 0
0.18446 0.584935 0.309156 3 3 0
0.185496 0.436886 0.411121 3 3 0
0.185346 0.478198 0.375706 3 3 0
0.184033 0.626425 0.290008 3 3 0
0.181882 0.802571 0.237624 3 3 0
0.176749 1.0061 0.211956 3 3 0
0.166187 1.18758 0.208739 3 3 0
0.154017 1.32415 0.217406 3 3 0
0.142413 1.43705 0.231843 3 3 0
0.13175 1.53282 0.252973 3 3 0
0.12213 1.61582 0.282322 3 3 0
0.113603 1.67487 0.333423 3 3 0
0.107611 1.56798 0.488592 3 3 0
0.107292 1.4309 0.583265 4 3 0
0.107477 1.27509 0.686685 4 3 0
0.107822 1.12477 0.798234 4 3 0
0.108042 0.982493 0.922396 4 3 0
0.10805 0.958074 0.946211 4 3 0
0.10805 0.959273 0.945023 4 3 0
0.107884 1.09546 0.822003 4 3 0
0.107539 1.2464 0.707017 4 3 0
0.1073 1.40264 0.601127 4 3 0
0.107292 1.43077 0.583054 4 3 0
0.107706 1.58254 0.478448 3 3 0
0.111481 1.67931 0.357413 3 3 0
0.124095 1.59976 0.274772 3 3 0
0.134644 1.50564 0.246244 3 3 0
0.145637 1.40681 0.22745 3 3 0
0.157358 1.29087 0.214189 3 3 0
0.169062 1.14775 0.207941 3 3 0
0.178407 0.959171 0.215514 3 3 0
0.182607 0.750938 0.249417 3 3 0
0.18446 0.585071 0.309034 3 3 0
0.185496 0.436878 0.41111 3 3 0
0.185346 0.478235 0.37568 3 3 0
0.184033 0.626585 0.290013 3 3 0
0.181882 0.802685 0.237619 3 3 0
0.176749 1.00574 0.211911 3 3 0
0.166187 1.18798 0.209461 3 3 0
0.154017 1.32524 0.21732 3 3 0
0.142413 1.43685 0.23174 3 3 0
0.13175 1.53243 0.252831 3 3 0
0.12213 1.6166 0.282442 3 3 0
0.113603 1.67447 0.333301 3 3 0
0.107611 1.56713 0.488981 3 3 0
0.107292 1.43085 0.58317 4 3 0
0.107477 1.27565 0.686552 4 3 0
0.107822 1.12469 0.798288 4 3 0
0.108042 0.982526 0.922384 4 3 0
0.10805 0.95804 0.946243 4 3 0
0.10805 0.959231 0.945065 4 3 0
0.107884 1.09533 0.82217 4 3 0
0.107539 1.2462 0.707283 4 3 0
0.1073 1.40338 0.60111 4 3 0
0.107292 1.43059 0.583086 4 3 0
0.107705 1.5831 0.478474 3 3 0
0.111481 1.67868 0.357756 3 3 0
0.124095 1.59927 0.274909 3 3 0
0.134644 1.50745 0.245945 3 3 0
0.145637 1.40706 0.2271 3 3 0
0.157358 1.29066 0.214303 3 3 0
0.169062 1.14798 0.208109 3 3 0
0.178407 0.959244 0.215526 3 3 0
0.182607 0.750938 0.249383 3 3 0
0.18446 0.584969 0.30914 3 3 0
0.185496 0.436873 0.411065 3 3 0
0.185346 0.478172 0.375708 3 3 0
0.185504 0.423778 0.423778 4 3 0
0.185496 0.43633 0.411588 3 3 0
0.185468 0.449207 0.399828 3 3 0
0.185422 0.46238 0.388494 3 3 0
0.185359 0.475779 0.377652 3 3 0
0.185281 0.489272 0.36731 3 3 0
0.185189 0.502994 0.357513 3 3 0
0.185085 0.516824 0.348073 3 3 0
0.18497 0.530686 0.339237 3 3 0
0.184846 0.544844 0.330657 3 3 0
0.184714 0.559081 0.322653 3 3 0
0.184575 0.573373 0.314913 3 3 0
0.18443 0.587988 0.307623 3 3 0
0.18428 0.602683 0.300463 3 3 0
0.184125 0.617788 0.293744 3 3 0
0.183964 0.633074 0.287451 3 3 0
0.183798 0.648539 0.281191 3 3 0
0.183626 0.664275 0.275303 3 3 0
0.183448 0.680595 0.269816 3 3 0
0.183261 0.697055 0.264638 3 3 0
0.183065 0.713871 0.259484 3 3 0
0.182858 0.730735 0.254442 3 3 0
0.182638 0.748305 0.24992 3 3 0
0.182401 0.766286 0.245669 3 3 0
0.182146 0.784088 0.241568 3 3 0
0.181869 0.802858 0.237606 3 3 0
0.181566 0.822027 0.233921 3 3 0
0.181233 0.841803 0.23051 3 3 0
0.180866 0.861277 0.227362 3 3 0
0.180461 0.880802 0.224478 3 3 0
0.180013 0.899753 0.222127 3 3 0
0.179519 0.919437 0.219739 3 3 0
0.178975 0.939811 0.217579 3 3 0
0.17838 0.959923 0.215446 3 3 0
0.177731 0.978973 0.213798 3 3 0
0.177029 0.99745 0.212392 3 3 0
0.176275 1.01768 0.211365 3 3 0
0.175471 1.03638 0.210286 3 3 0
0.174618 1.05437 0.209426 3 3 0
0.173721 1.07112 0.208861 3 3 0
0.172783 1.08913 0.208349 3 3 0
0.171809 1.10641 0.208047 3 3 0
0.170801 1.12167 0.207905 3 3 0
0.169765 1.13812 0.207971 3 3 0
0.168703 1.15426 0.208247 3 3 0
0.16762 1.16892 0.208351 3 3 0
0.166518 1.18298 0.208898 3 3 0
0.1654 1.19816 0.209653 3 3 0
0.16427 1.21262 0.209584 3 3 0
0.16313 1.22583 0.210033 3 3 0
0.161982 1.23874 0.210659 3 3 0
0.160827 1.25322 0.211659 3 3 0
0.159669 1.26567 0.212286 3 3 0
0.158508 1.2777 0.213082 3 3 0
0.157345 1.29054 0.214066 3 3 0
0.156183 1.30208 0.215023 3 3 0
0.155023 1.31373 0.216157 3 3 0
0.153864 1.32654 0.217533 3 3 0
0.15271 1.33855 0.21907 3 3 0
0.151559 1.35022 0.220328 3 3 0
0.150413 1.36161 0.221065 3 3 0
0.149273 1.37259 0.222274 3 3 0
0.148139 1.38329 0.223659 3 3 0
0.147012 1.39406 0.225174 3 3 0
0.145892 1.40471 0.226602 3 3 0
0.14478 1.41511 0.228217 3 3 0
0.143676 1.42538 0.230174 3 3 0
0.14258 1.43541 0.232267 3 3 0
0.141493 1.44523 0.23387 3 3 0
0.140415 1.45531 0.235392 3 3 0
0.139347 1.46489 0.237688 3 3 0
0.138287 1.47427 0.23921 3 3 0
0.137238 1.48361 0.240657 3 3 0
0.136198 1.49326 0.242742 3 3 0
0.135168 1.5027 0.245054 3 3 0
0.134148 1.50935 0.246971 3 3 0
0.133138 1.51774 0.24919 3 3 0
0.132139 1.52642 0.251648 3 3 0
0.13115 1.53776 0.254384 3 3 0
0.130171 1.54674 0.257364 3 3 0
0.129204 1.55552 0.259445 3 3 0
0.128246 1.56232 0.261905 3 3 0
0.1273 1.57107 0.265126 3 3 0
0.126365 1.5796 0.267917 3 3 0
0.125441 1.588 0.270961 3 3 0
0.124528 1.59607 0.273785 3 3 0
0.123626 1.6039 0.276645 3 3 0
0.122736 1.61155 0.280744 3 3 0
0.121858 1.61879 0.28375 3 3 0
0.120992 1.62576 0.287112 3 3 0
0.120138 1.63147 0.291345 3 3 0
0.119297 1.63769 0.2958 3 3 0
0.11847 1.64359 0.299567 3 3 0
0.117656 1.64801 0.303904 3 3 0
0.116857 1.65426 0.30855 3 3 0
0.116074 1.66004 0.313781 3 3 0
0.115307 1.66409 0.319556 3 3 0
0.11456 1.66882 0.325493 3 3 0
0.113833 1.67283 0.331304 3 3 0
0.11313 1.67613 0.33854 3 3 0
0.112454 1.67833 0.345363 3 3 0
0.11181 1.67941 0.352984 3 3 0
0.111202 1.68 0.361451 3 3 0
0.110637 1.67812 0.370838 3 3 0
0.110121 1.67471 0.380495 3 3 0
0.109657 1.66997 0.390359 3 3 0
0.109249 1.66332 0.401096 3 3 0
0.108897 1.65511 0.41235 3 3 0
0.108597 1.6426 0.423207 3 3 0
0.108346 1.63153 0.434633 3 3 0
0.108136 1.6196 0.445771 3 3 0
0.107963 1.60955 0.456653 3 3 0
0.107819 1.59598 0.467723 3 3 0
0.107701 1.58181 0.478694 3 3 0
0.107604 1.56798 0.489516 3 3 0
0.107525 1.55306 0.500206 3 3 0
0.107462 1.5378 0.510806 3 3 0
0.107411 1.52386 0.521446 3 3 0
0.107371 1.50849 0.531902 3 3 0
0.10734 1.49292 0.542308 3 3 0
0.107318 1.47714 0.552494 3 3 0
0.107303 1.46125 0.562817 3 3 0
0.107295 1.44524 0.573133 3 3 0
0.107292 1.43097 0.583149 4 3 0
0.107295 1.41545 0.593294 4 3 0
0.107302 1.39984 0.603466 4 3 0
0.107313 1.38367 0.613704 4 3 0
0.107328 1.36828 0.623899 4 3 0
0.107346 1.35302 0.634165 4 3 0
0.107367 1.3377 0.64449 4 3 0
0.107391 1.32229 0.654771 4 3 0
0.107417 1.30682 0.665156 4 3 0
0.107446 1.29132 0.675579 4 3 0
0.107476 1.27599 0.686096 4 3 0
0.107507 1.26103 0.696746 4 3 0
0.10754 1.24604 0.707404 4 3 0
0.107574 1.23096 0.718018 4 3 0
0.107608 1.21586 0.728786 4 3 0
0.107643 1.20072 0.739761 4 3 0
0.107678 1.18597 0.750659 4 3 0
0.107713 1.1715 0.761725 4 3 0
0.107748 1.15694 0.772935 4 3 0
0.107781 1.14251 0.784316 4 3 0
0.107814 1.12809 0.795603 4 3 0
0.107846 1.11372 0.807029 4 3 0
0.107876 1.09939 0.818662 4 3 0
0.107904 1.08535 0.830457 4 3 0
0.107931 1.07136 0.842251 4 3 0
0.107955 1.05737 0.854118 4 3 0
0.107977 1.04368 0.866157 4 3 0
0.107996 1.03002 0.878364 4 3 0
0.108013 1.01642 0.890631 4 3 0
0.108027 1.00295 0.903051 4 3 0
0.108037 0.989635 0.915586 4 3 0
0.108045 0.976406 0.928256 4 3 0
0.108049 0.963328 0.941022 4 3 0
0.108051 0.952397 0.951863 3 3 0
0.108049 0.965386 0.938989 4 3 0
0.108044 0.978488 0.926248 4 3 0
0.108036 0.991762 0.913625 4 3 0
0.108025 1.00511 0.901102 4 3 0
0.108011 1.01854 0.88868 4 3 0
0.107994 1.03218 0.876412 4 3 0
0.107974 1.04586 0.864313 4 3 0
0.107951 1.05959 0.852233 4 3 0
0.107927 1.07355 0.84033 4 3 0
0.1079 1.08754 0.828479 4 3 0
0.107871 1.10176 0.816794 4 3 0
0.107841 1.11594 0.805261 4 3 0
0.107809 1.13036 0.793738 4 3 0
0.107776 1.14481 0.782386 4 3 0
0.107742 1.15917 0.771119 4 3 0
0.107708 1.17393 0.760022 4 3 0
0.107673 1.1887 0.749042 4 3 0
0.107638 1.20351 0.737951 4 3 0
0.107603 1.21836 0.727155 4 3 0
0.107568 1.23319 0.71652 4 3 0
0.107535 1.24834 0.705651 4 3 0
0.107502 1.26355 0.694965 4 3 0
0.107471 1.27873 0.684419 4 3 0
0.107441 1.29391 0.673924 4 3 0
0.107413 1.30901 0.663547 4 3 0
0.107387 1.32442 0.653283 4 3 0
0.107364 1.34017 0.642809 4 3 0
0.107343 1.35556 0.632572 4 3 0
0.107325 1.37087 0.622415 4 3 0
0.107311 1.38674 0.61207 4 3 0
0.107301 1.40231 0.601916 4 3 0
0.107294 1.41778 0.591801 4 3 0
0.107292 1.43101 0.583045 3 3 0
0.107295 1.44638 0.57281 3 3 0
0.107303 1.46161 0.562574 3 3 0
0.107318 1.47768 0.552344 3 3 0
0.10734 1.49292 0.542067 3 3 0
0.107371 1.50798 0.531733 3 3 0
0.107411 1.52328 0.521219 3 3 0
0.107462 1.53802 0.510706 3 3 0
0.107526 1.55325 0.500104 3 3 0
0.107605 1.56859 0.489652 3 3 0
0.107702 1.58281 0.478902 3 3 0
