0.105 2.73549 2.73549 2 1 0
0.106285 2.72377 2.72377 1 1 0
0.107578 2.71176 2.71176 1 1 0
0.108052 2.70731 2.70731 2 1 0
0.110665 2.68227 2.68227 2 1 0
0.114637 2.64278 2.64278 2 1 0
0.120705 2.5797 2.5797 2 1 0
0.127646 2.50519 2.50519 2 1 0
0.134928 2.42724 2.42724 2 1 0
0.14282 2.34698 2.34698 2 1 0
0.151786 2.2655 2.2655 2 1 0
0.162649 2.184 2.184 2 1 0
0.176974 2.10414 2.10414 2 1 0
0.185505 2.06875 2.06875 2 1 0
0.211697 1.9976 1.9976 1 1 0
0.256388 1.94271 1.94271 1 1 0
0.326297 1.91319 1.91319 1 1 0
0.413334 1.90198 1.90198 1 1 0
0.507713 1.89795 1.89795 1 1 0
0.605031 1.89635 1.89635 1 1 0
0.703619 1.89563 1.89563 1 1 0
0.802813 1.89527 1.89527 1 1 0
0.902322 1.89508 1.89508 1 1 0
1.00201 1.89497 1.89497 1 1 0
1.10179 1.8949 1.8949 1 1 0
1.20165 1.89486 1.89486 1 1 0
1.30154 1.89483 1.89483 1 1 0
1.40146 1.89481 1.89481 1 1 0
1.5014 1.8948 1.8948 1 1 0
1.60136 1.89479 1.89479 1 1 0
1.70132 1.89478 1.89478 1 1 0
1.8013 1.89477 1.89477 1 1 0
1.90127 1.89477 1.89477 1 1 0
2.00126 1.89477 1.89477 1 1 0
0.105 2.73549 2.73549 2 1 0
0.103724 2.74691 2.74691 1 1 0
0.102458 2.75805 2.75805 1 1 0
0.0999553 2.7794 2.7794 1 1 0
0.0962889 2.80916 2.80916 1 1 0
0.0910188 2.84867 2.84867 1 1 0
0.0855366 2.88577 2.88577 1 1 0
0.0804808 2.91647 2.91647 1 1 0
0.0758554 2.94177 2.94177 1 1 0
0.0716424 2.9626 2.9626 1 1 0
0.0678114 2.97983 2.97983 1 1 0
0.0643272 2.99416 2.99416 1 1 0
0.0611542 3.00616 3.00616 1 1 0
0.0582585 3.01627 3.01627 1 1 0
0.0556095 3.02487 3.02487 1 1 0
0.0531796 3.03222 3.03222 1 1 0
0.0509447 3.03856 3.03856 1 1 0
0.0488837 3.04405 3.04405 1 1 0
0.046978 3.04884 3.04884 1 1 0
0.0452114 3.05304 3.05304 1 1 0
0.0435697 3.05675 3.05675 1 1 0
0.0420406 3.06003 3.06003 1 1 0
0.0406132 3.06295 3.06295 1 1 0
0.0392779 3.06557 3.06557 1 1 0
0.0380263 3.06791 3.06791 1 1 0
0.0368508 3.07003 3.07003 1 1 0
0.0357449 3.07194 3.07194 1 1 0
0.0347027 3.07367 3.07367 1 1 0
0.0337189 3.07525 3.07525 1 1 0
0.0327887 3.07669 3.07669 1 1 0
0.031908 3.07801 3.07801 1 1 0
0.0310729 3.07922 3.07922 1 1 0
0.0302801 3.08033 3.08033 1 1 0
0.0295265 3.08135 3.08135 1 1 0
0.0288091 3.0823 3.0823 1 1 0
0.0281256 3.08318 3.08318 1 1 0
0.0274735 3.08399 3.08399 1 1 0
0.0268508 3.08475 3.08475 1 1 0
0.0262555 3.08545 3.08545 1 1 0
0.025686 3.08611 3.08611 1 1 0
0.0251404 3.08672 3.08672 1 1 0
0.0246175 3.0873 3.0873 1 1 0
0.0241157 3.08783 3.08783 1 1 0
0.023634 3.08834 3.08834 1 1 0
0.023171 3.08881 3.08881 1 1 0
0.0227257 3.08926 3.08926 1 1 0
0.0222971 3.08968 3.08968 1 1 0
0.0218844 3.09008 3.09008 1 1 0
0.0214866 3.09045 3.09045 1 1 0
0.021103 3.0908 3.0908 1 1 0
0.0207327 3.09114 3.09114 1 1 0
0.0203752 3.09145 3.09145 1 1 0
0.0200298 3.09175 3.09175 1 1 0
0.0196959 3.09204 3.09204 1 1 0
0.0193729 3.09231 3.09231 1 1 0
0.0190602 3.09257 3.09257 1 1 0
0.0187575 3.09281 3.09281 1 1 0
0.0184642 3.09305 3.09305 1 1 0
0.01818 3.09327 3.09327 1 1 0
0.0179043 3.09348 3.09348 1 1 0
0.0176369 3.09368 3.09368 1 1 0
0.0173773 3.09388 3.09388 1 1 0
0.0171252 3.09406 3.09406 1 1 0
0.0168803 3.09424 3.09424 1 1 0
0.0166423 3.09441 3.09441 1 1 0
0.0164109 3.09457 3.09457 1 1 0
0.0161858 3.09472 3.09472 1 1 0
0.0159669 3.09487 3.09487 1 1 0
0.0157537 3.09502 3.09502 1 1 0
0.0155462 3.09515 3.09515 1 1 0
0.015344 3.09528 3.09528 1 1 0
0.015147 3.09541 3.09541 1 1 0
0.0149551 3.09553 3.09553 1 1 0
0.0147679 3.09565 3.09565 1 1 0
0.0145853 3.09576 3.09576 1 1 0
0.0144072 3.09587 3.09587 1 1 0
0.0142334 3.09598 3.09598 1 1 0
0.0140637 3.09608 3.09608 1 1 0
0.013898 3.09617 3.09617 1 1 0
0.0137362 3.09627 3.09627 1 1 0
0.013578 3.09636 3.09636 1 1 0
0.0134235 3.09645 3.09645 1 1 0
0.0132725 3.09653 3.09653 1 1 0
0.0131248 3.09661 3.09661 1 1 0
0.0129803 3.09669 3.09669 1 1 0
0.012839 3.09677 3.09677 1 1 0
0.0127008 3.09684 3.09684 1 1 0
0.0125654 3.09691 3.09691 1 1 0
0.012433 3.09698 3.09698 1 1 0
0.0123033 3.09705 3.09705 1 1 0
0.0121762 3.09711 3.09711 1 1 0
0.0120518 3.09718 3.09718 1 1 0
0.0119299 3.09724 3.09724 1 1 0
0.0118104 3.0973 3.0973 1 1 0
0.0116933 3.09735 3.09735 1 1 0
0.0115784 3.09741 3.09741 1 1 0
0.0114659 3.09746 3.09746 1 1 0
0.0113554 3.09752 3.09752 1 1 0
0.0112471 3.09757 3.09757 1 1 0
0.0111408 3.09762 3.09762 1 1 0
0.0110366 3.09766 3.09766 1 1 0
0.0109342 3.09771 3.09771 1 1 0
0.0108337 3.09776 3.09776 1 1 0
0.0107351 3.0978 3.0978 1 1 0
0.0106382 3.09784 3.09784 1 1 0
0.0105431 3.09788 3.09788 1 1 0
0.0104496 3.09793 3.09793 1 1 0
0.0103578 3.09797 3.09797 1 1 0
0.0102676 3.098 3.098 1 1 0
0.010179 3.09804 3.09804 1 1 0
0.0100918 3.09808 3.09808 1 1 0
0.0100062 3.09811 3.09811 1 1 0
0.00992195 3.09815 3.09815 1 1 0
0.00983914 3.09818 3.09818 1 1 0
0.00975769 3.09822 3.09822 1 1 0
0.00967759 3.09825 3.09825 1 1 0
0.00959878 3.09828 3.09828 1 1 0
0.00952125 3.09831 3.09831 1 1 0
0.00944497 3.09834 3.09834 1 1 0
0.00936989 3.09837 3.09837 1 1 0
0.00929599 3.0984 3.0984 1 1 0
0.00922326 3.09843 3.09843 1 1 0
0.00915165 3.09845 3.09845 1 1 0
0.00908114 3.09848 3.09848 1 1 0
0.00901171 3.09851 3.09851 1 1 0
0.00894334 3.09853 3.09853 1 1 0
0.00887599 3.09856 3.09856 1 1 0
0.00880965 3.09858 3.09858 1 1 0
0.00874429 3.0986 3.0986 1 1 0
0.0086799 3.09863 3.09863 1 1 0
0.00861645 3.09865 3.09865 1 1 0
0.00855391 3.09867 3.09867 1 1 0
0.00849228 3.09869 3.09869 1 1 0
0.00843153 3.09871 3.09871 1 1 0
0.00837164 3.09874 3.09874 1 1 0
0.0083126 3.09876 3.09876 1 1 0
0.00825438 3.09878 3.09878 1 1 0
0.00819697 3.0988 3.0988 1 1 0
0.00814036 3.09881 3.09881 1 1 0
0.00808452 3.09883 3.09883 1 1 0
0.00802944 3.09885 3.09885 1 1 0
0.00797511 3.09887 3.09887 1 1 0
0.0079215 3.09889 3.09889 1 1 0
0.00786862 3.0989 3.0989 1 1 0
0.00781643 3.09892 3.09892 1 1 0
0.00776493 3.09894 3.09894 1 1 0
0.00771411 3.09895 3.09895 1 1 0
0.00766394 3.09897 3.09897 1 1 0
0.00761442 3.09899 3.09899 1 1 0
0.00756554 3.099 3.099 1 1 0
0.00751729 3.09902 3.09902 1 1 0
0.00746964 3.09903 3.09903 1 1 0
0.00742259 3.09905 3.09905 1 1 0
0.00737614 3.09906 3.09906 1 1 0
0.00733026 3.09907 3.09907 1 1 0
0.00728494 3.09909 3.09909 1 1 0
0.00724019 3.0991 3.0991 1 1 0
0.00719598 3.09911 3.09911 1 1 0
0.0071523 3.09913 3.09913 1 1 0
0.00710916 3.09914 3.09914 1 1 0
0.00706653 3.09915 3.09915 1 1 0
0.00702441 3.09916 3.09916 1 1 0
0.00698278 3.09918 3.09918 1 1 0
0.00694165 3.09919 3.09919 1 1 0
0.006901 3.0992 3.0992 1 1 0
0.00686082 3.09921 3.09921 1 1 0
0.00682111 3.09922 3.09922 1 1 0
0.00678186 3.09923 3.09923 1 1 0
0.00674305 3.09924 3.09924 1 1 0
0.00670469 3.09925 3.09925 1 1 0
0.00666675 3.09926 3.09926 1 1 0
0.00662925 3.09927 3.09927 1 1 0
0.00659217 3.09929 3.09929 1 1 0
0.00655549 3.09929 3.09929 1 1 0
0.00651923 3.0993 3.0993 1 1 0
0.00648336 3.09931 3.09931 1 1 0
0.00644788 3.09932 3.09932 1 1 0
0.00641279 3.09933 3.09933 1 1 0
0.00637808 3.09934 3.09934 1 1 0
0.00634375 3.09935 3.09935 1 1 0
0.00630978 3.09936 3.09936 1 1 0
0.00627617 3.09937 3.09937 1 1 0
0.00624292 3.09938 3.09938 1 1 0
0.00621002 3.09939 3.09939 1 1 0
0.00617747 3.09939 3.09939 1 1 0
0.00614525 3.0994 3.0994 1 1 0
0.00611337 3.09941 3.09941 1 1 0
0.00608182 3.09942 3.09942 1 1 0
0.00605059 3.09943 3.09943 1 1 0
0.00601968 3.09943 3.09943 1 1 0
0.00598908 3.09944 3.09944 1 1 0
0.0059588 3.09945 3.09945 1 1 0
0.00592882 3.09946 3.09946 1 1 0
0.00589913 3.09946 3.09946 1 1 0
0.00586975 3.09947 3.09947 1 1 0
0.00584065 3.09948 3.09948 1 1 0
0.00581185 3.09948 3.09948 1 1 0
0.00578332 3.09949 3.09949 1 1 0
0.00575507 3.0995 3.0995 1 1 0
0.0057271 3.0995 3.0995 1 1 0
0.108052 2.70731 2.70731 4 2 0
0.108049 2.71294 2.70152 4 2 0
0.108049 2.71319 2.70126 4 2 0
0.108024 2.72905 2.68281 4 2 0
0.107938 2.7502 2.65196 4 2 0
0.107729 2.77635 2.59881 4 2 0
0.107474 2.79836 2.53168 4 2 0
0.107299 2.81585 2.44985 4 2 0
0.107292 2.81867 2.4321 4 2 0
0.107706 2.82996 2.32558 3 2 0
0.111482 2.82348 2.22333 3 2 0
0.124095 2.77609 2.15953 3 2 0
0.134644 2.73462 2.12934 3 2 0
0.145637 2.68922 2.10319 3 2 0
0.157358 2.63741 2.07844 3 2 0
0.169062 2.57331 2.05621 3 2 0
0.178407 2.48106 2.03978 3 2 0
0.182607 2.34492 2.03322 3 2 0
0.18446 2.19783 2.03389 3 2 0
0.185496 2.07638 2.06204 3 2 0
0.185346 2.10485 2.04723 3 2 0
0.184033 2.23648 2.03269 3 2 0
0.181882 2.38402 2.03424 3 2 0
0.176749 2.50573 2.04258 3 2 0
0.166187 2.59129 2.06154 3 2 0
0.154017 2.65306 2.08522 3 2 0
0.142413 2.70284 2.11048 3 2 0
0.13175 2.74614 2.13696 3 2 0
0.12213 2.7838 2.16621 3 2 0
0.113603 2.8161 2.20584 3 2 0
0.107611 2.82934 2.33568 3 2 0
0.107292 2.81822 2.43212 4 2 0
0.107477 2.79812 2.5325 4 2 0
0.107822 2.76652 2.62123 4 2 0
0.108042 2.72013 2.69357 4 2 0
0.10805 2.7099 2.70471 4 2 0
0.10805 2.71042 2.70417 4 2 0
0.107884 2.75857 2.63724 4 2 0
0.107539 2.7931 2.55064 4 2 0
0.1073 2.8156 2.45046 4 2 0
0.107292 2.8185 2.43206 4 2 0
0.107705 2.82996 2.32564 3 2 0
0.111481 2.82358 2.22331 3 2 0
0.124095 2.77626 2.15958 3 2 0
0.134644 2.73392 2.12938 3 2 0
0.145636 2.68959 2.10324 3 2 0
0.157357 2.63694 2.07842 3 2 0
0.169062 2.57361 2.05615 3 2 0
0.178407 2.48146 2.03984 3 2 0
0.182607 2.34487 2.03339 3 2 0
0.18446 2.19783 2.03381 3 2 0
0.185496 2.07638 2.06204 3 2 0
0.185346 2.10485 2.04723 3 2 0
0.184033 2.23653 2.03271 3 2 0
0.181883 2.38373 2.03419 3 2 0
0.176749 2.50584 2.04267 3 2 0
0.166187 2.59133 2.06141 3 2 0
0.154017 2.65307 2.08517 3 2 0
0.142413 2.70297 2.1106 3 2 0
0.13175 2.74604 2.13705 3 2 0
0.12213 2.78378 2.16619 3 2 0
0.113603 2.81598 2.2058 3 2 0
0.107611 2.82958 2.33584 3 2 0
0.107292 2.81867 2.43212 4 2 0
0.107477 2.79795 2.53248 4 2 0
0.107822 2.76657 2.62127 4 2 0
0.108042 2.72014 2.69357 3 2 0
0.10805 2.70989 2.70472 4 2 0
0.10805 2.71041 2.70418 4 2 0
0.107885 2.75856 2.63719 4 2 0
0.107539 2.79306 2.55055 4 2 0
0.1073 2.81567 2.45058 4 2 0
0.107292 2.81859 2.43211 4 2 0
0.107705 2.83024 2.32552 3 2 0
0.111481 2.82347 2.22343 3 2 0
0.124095 2.77558 2.15957 3 2 0
0.134644 2.7343 2.12934 3 2 0
0.145637 2.6896 2.10313 3 2 0
0.157358 2.63754 2.07846 3 2 0
0.169062 2.57303 2.05614 3 2 0
0.178407 2.4809 2.03981 3 2 0
0.182607 2.34479 2.03335 3 2 0
0.18446 2.19786 2.03393 3 2 0
0.185496 2.07638 2.06204 3 2 0
0.185346 2.10479 2.04722 3 2 0
0.184033 2.23629 2.0327 3 2 0
0.181882 2.38409 2.03419 3 2 0
0.176749 2.50588 2.04257 3 2 0
0.166187 2.59144 2.06157 3 2 0
0.154017 2.65305 2.08517 3 2 0
0.142413 2.70285 2.11043 3 2 0
0.13175 2.74613 2.13702 3 2 0
0.12213 2.78387 2.16634 3 2 0
0.113603 2.81577 2.20578 3 2 0
0.107611 2.82951 2.33584 3 2 0
0.107292 2.81846 2.43222 4 2 0
0.107477 2.79817 2.53247 4 2 0
0.107822 2.76649 2.62125 4 2 0
0.108042 2.72013 2.69358 4 2 0
0.10805 2.70992 2.70468 4 2 0
0.10805 2.71044 2.70415 4 2 0
0.107884 2.75855 2.63714 4 2 0
0.107539 2.79306 2.55048 4 2 0
0.1073 2.8157 2.45048 4 2 0
0.107292 2.81862 2.43231 4 2 0
0.107705 2.82982 2.32551 3 2 0
0.111481 2.82339 2.22341 3 2 0
0.124095 2.77595 2.15966 3 2 0
0.134644 2.73424 2.12935 3 2 0
0.145637 2.68952 2.10323 3 2 0
0.157357 2.63724 2.07843 3 2 0
0.169062 2.5734 2.05613 3 2 0
0.178407 2.48129 2.0398 3 2 0
0.182607 2.3448 2.03323 3 2 0
0.18446 2.19785 2.03382 3 2 0
0.185496 2.07638 2.06204 3 2 0
0.185346 2.10482 2.04722 3 2 0
0.184033 2.23644 2.03269 3 2 0
0.181883 2.384 2.03425 3 2 0
0.17675 2.5057 2.04259 3 2 0
0.166188 2.59131 2.06142 3 2 0
0.154018 2.65294 2.08517 3 2 0
0.142413 2.70304 2.11064 3 2 0
0.13175 2.74602 2.13701 3 2 0
0.12213 2.78394 2.16621 3 2 0
0.113603 2.81616 2.20577 3 2 0
0.107611 2.82951 2.33569 3 2 0
0.107292 2.81845 2.43212 4 2 0
0.107477 2.79803 2.53249 4 2 0
0.107822 2.76658 2.62125 4 2 0
0.108042 2.72012 2.69358 4 2 0
0.10805 2.7099 2.7047 4 2 0
0.10805 2.71042 2.70417 4 2 0
0.107884 2.75853 2.6372 4 2 0
0.107539 2.7931 2.55052 4 2 0
0.1073 2.81565 2.45055 4 2 0
0.107292 2.81865 2.43213 4 2 0
0.107705 2.83025 2.32551 3 2 0
0.111481 2.82353 2.22336 3 2 0
0.124095 2.77617 2.15954 3 2 0
0.134644 2.73385 2.12933 3 2 0
0.145636 2.68948 2.10321 3 2 0
0.157357 2.63741 2.07843 3 2 0
0.169062 2.57356 2.05614 3 2 0
0.178406 2.48145 2.03978 3 2 0
0.182607 2.3447 2.0334 3 2 0
0.18446 2.19786 2.03389 3 2 0
0.185496 2.07638 2.06204 3 2 0
0.185346 2.10481 2.04722 3 2 0
0.184033 2.23598 2.03272 3 2 0
0.181883 2.38394 2.03442 3 2 0
0.176749 2.50581 2.04261 3 2 0
0.166187 2.59127 2.06147 3 2 0
0.154017 2.65293 2.08517 3 2 0
0.142413 2.70305 2.11068 3 2 0
0.13175 2.74612 2.13721 3 2 0
0.12213 2.78356 2.1662 3 2 0
0.113603 2.81593 2.20583 3 2 0
0.107611 2.82946 2.33578 3 2 0
0.107292 2.8186 2.43213 4 2 0
0.107477 2.79817 2.53247 4 2 0
0.107822 2.76645 2.62127 4 2 0
0.108042 2.72013 2.69357 3 2 0
0.10805 2.7099 2.70471 4 2 0
0.10805 2.71041 2.70418 4 2 0
0.107884 2.75853 2.63719 4 2 0
0.107539 2.79303 2.55053 4 2 0
0.1073 2.81572 2.45057 4 2 0
0.107292 2.8186 2.43205 4 2 0
0.107705 2.83025 2.32564 3 2 0
0.111481 2.82348 2.22332 3 2 0
0.124095 2.77622 2.15954 3 2 0
0.134644 2.73378 2.12933 3 2 0
0.145636 2.68941 2.10317 3 2 0
0.157357 2.63752 2.0784 3 2 0
0.169062 2.57341 2.05616 3 2 0
0.178407 2.48118 2.0398 3 2 0
0.182607 2.34487 2.0333 3 2 0
0.18446 2.19782 2.0339 3 2 0
0.185496 2.07638 2.06204 3 2 0
0.185346 2.10486 2.04722 3 2 0
0.184033 2.23653 2.0327 3 2 0
0.181882 2.3835 2.03423 3 2 0
0.176749 2.50573 2.04258 3 2 0
0.166187 2.59141 2.0615 3 2 0
0.154018 2.65293 2.08518 3 2 0
0.142414 2.70296 2.11064 3 2 0
0.13175 2.74619 2.13706 3 2 0
0.122131 2.7838 2.16625 3 2 0
0.113603 2.81617 2.20579 3 2 0
0.107611 2.82954 2.33572 3 2 0
0.107292 2.81868 2.43213 4 2 0
0.107477 2.79818 2.53248 4 2 0
0.107822 2.76645 2.62124 4 2 0
0.108042 2.72014 2.69358 4 2 0
0.10805 2.70992 2.70468 4 2 0
0.10805 2.71044 2.70415 4 2 0
0.107884 2.75859 2.6372 4 2 0
0.107539 2.7931 2.55054 4 2 0
0.1073 2.81564 2.45041 4 2 0
0.185504 2.06875 2.06875 4 3 0
0.185496 2.07604 2.0623 3 3 0
0.185495 2.07643 2.062 3 3 0
0.185354 2.10363 2.04768 3 3 0
0.185035 2.14142 2.03873 3 3 0
0.184557 2.18861 2.03422 3 3 0
0.18394 2.24464 2.03265 3 3 0
0.183152 2.3082 2.03272 3 3 0
0.181497 2.40083 2.035 3 3 0
0.177977 2.48852 2.04053 3 3 0
0.170776 2.56178 2.05307 3 3 0
0.16054 2.62174 2.07216 3 3 0
0.149051 2.675 2.09562 3 3 0
0.13783 2.72161 2.12141 3 3 0
0.127599 2.76257 2.14888 3 3 0
0.118424 2.79809 2.18043 3 3 0
0.110463 2.8267 2.23529 3 3 0
0.107315 2.82268 2.40278 3 3 0
0.107292 2.8187 2.43212 3 3 0
0.107477 2.79809 2.53238 4 3 0
0.107821 2.76658 2.62115 4 3 0
0.108042 2.72019 2.69351 4 3 0
0.10805 2.70972 2.70488 4 3 0
0.10805 2.71024 2.70435 4 3 0
0.107885 2.75842 2.63742 4 3 0
0.10754 2.79291 2.55102 4 3 0
0.1073 2.81567 2.45102 4 3 0
0.107292 2.81869 2.43205 4 3 0
0.107705 2.83015 2.32566 3 3 0
0.111481 2.82359 2.2233 3 3 0
0.124095 2.77631 2.15959 3 3 0
0.134644 2.73422 2.12943 3 3 0
0.145636 2.68918 2.10311 3 3 0
0.157357 2.63752 2.07845 3 3 0
0.169062 2.57313 2.05621 3 3 0
0.178407 2.48101 2.0398 3 3 0
0.182607 2.34491 2.03324 3 3 0
0.18446 2.19784 2.03377 3 3 0
0.185496 2.07638 2.06205 3 3 0
0.185346 2.10487 2.04723 3 3 0
0.184033 2.23652 2.03272 3 3 0
0.181882 2.38331 2.03425 3 3 0
0.176749 2.50574 2.04258 3 3 0
0.166187 2.5915 2.06164 3 3 0
0.154017 2.65299 2.08518 3 3 0
0.142413 2.703 2.11052 3 3 0
0.13175 2.74598 2.13711 3 3 0
0.12213 2.78392 2.1663 3 3 0
0.113603 2.81612 2.20593 3 3 0
0.107611 2.82959 2.3357 3 3 0
0.107292 2.81866 2.43215 4 3 0
0.107477 2.79818 2.53249 4 3 0
0.107822 2.76643 2.62124 4 3 0
0.108042 2.72014 2.69357 4 3 0
0.10805 2.70992 2.70469 4 3 0
0.10805 2.71044 2.70415 4 3 0
0.107884 2.75857 2.63723 4 3 0
0.107539 2.7931 2.55065 4 3 0
0.1073 2.81564 2.45047 4 3 0
0.107292 2.81855 2.43205 4 3 0
0.107705 2.82974 2.32551 3 3 0
0.111481 2.82333 2.22344 3 3 0
0.124095 2.77585 2.15959 3 3 0
0.134644 2.73435 2.12935 3 3 0
0.145636 2.68946 2.10312 3 3 0
0.157357 2.63736 2.07841 3 3 0
0.169062 2.57362 2.05612 3 3 0
0.178407 2.48145 2.03978 3 3 0
0.182607 2.34469 2.03329 3 3 0
0.18446 2.19784 2.03379 3 3 0
0.185496 2.07638 2.06204 3 3 0
0.185346 2.10479 2.04722 3 3 0
0.184033 2.23649 2.03272 3 3 0
0.181883 2.3839 2.0342 3 3 0
0.17675 2.50569 2.04257 3 3 0
0.166188 2.59143 2.06164 3 3 0
0.154018 2.65306 2.08526 3 3 0
0.142414 2.70304 2.11077 3 3 0
0.13175 2.74619 2.13696 3 3 0
0.122131 2.78374 2.16618 3 3 0
0.113603 2.81594 2.20578 3 3 0
0.107611 2.82915 2.33566 3 3 0
0.107292 2.81831 2.43216 4 3 0
0.107477 2.79816 2.53247 4 3 0
0.107822 2.76655 2.62123 4 3 0
0.108042 2.72012 2.69357 4 3 0
0.10805 2.70991 2.7047 4 3 0
0.10805 2.71042 2.70416 4 3 0
0.107884 2.75851 2.63716 4 3 0
0.107539 2.79309 2.55053 4 3 0
0.1073 2.81569 2.45044 4 3 0
0.107292 2.81868 2.43213 4 3 0
0.107705 2.83024 2.32567 3 3 0
0.111481 2.82358 2.22333 3 3 0
0.124095 2.77631 2.15961 3 3 0
0.134643 2.7344 2.12936 3 3 0
0.145637 2.68923 2.10321 3 3 0
0.157357 2.63753 2.07843 3 3 0
0.169062 2.57274 2.05613 3 3 0
0.178407 2.48132 2.03997 3 3 0
0.182607 2.34483 2.03322 3 3 0
0.18446 2.19778 2.03378 3 3 0
0.185496 2.07638 2.06204 3 3 0
0.185346 2.10485 2.04722 3 3 0
0.184033 2.23652 2.03269 3 3 0
0.181882 2.38394 2.03433 3 3 0
0.176749 2.50587 2.04279 3 3 0
0.166187 2.59141 2.06155 3 3 0
0.154017 2.653 2.08525 3 3 0
0.142413 2.70293 2.11045 3 3 0
0.13175 2.74608 2.13708 3 3 0
0.12213 2.78394 2.16628 3 3 0
0.113603 2.81618 2.20583 3 3 0
0.107611 2.82951 2.33566 3 3 0
0.107292 2.81858 2.43221 4 3 0
0.107477 2.79818 2.53247 4 3 0
0.107822 2.7664 2.62123 4 3 0
0.108042 2.72012 2.69357 4 3 0
0.10805 2.70991 2.7047 4 3 0
0.10805 2.71043 2.70416 4 3 0
0.107884 2.75854 2.63718 4 3 0
0.107539 2.79311 2.5505 4 3 0
0.1073 2.81566 2.45046 4 3 0
0.107292 2.81833 2.43207 4 3 0
0.107705 2.83009 2.3256 3 3 0
0.111481 2.82313 2.22334 3 3 0
0.124095 2.77587 2.15963 3 3 0
0.134644 2.73423 2.12941 3 3 0
0.145636 2.68959 2.10311 3 3 0
0.157357 2.63716 2.07841 3 3 0
0.169062 2.57364 2.05612 3 3 0
0.178407 2.48149 2.03986 3 3 0
0.182607 2.34489 2.03346 3 3 0
0.18446 2.19785 2.03383 3 3 0
0.185496 2.07638 2.06205 3 3 0
0.185346 2.10479 2.04722 3 3 0
0.184033 2.23622 2.0327 3 3 0
0.181882 2.38407 2.03419 3 3 0
0.176749 2.50586 2.04261 3 3 0
0.166187 2.59148 2.06144 3 3 0
0.154017 2.65302 2.08522 3 3 0
0.142413 2.70284 2.11043 3 3 0
0.13175 2.74614 2.13698 3 3 0
0.12213 2.78383 2.16626 3 3 0
0.113603 2.81596 2.20594 3 3 0
0.107611 2.82925 2.33567 3 3 0
0.107292 2.81849 2.43213 4 3 0
0.107477 2.79818 2.53246 4 3 0
0.107822 2.76646 2.62123 4 3 0
0.108042 2.72014 2.69358 4 3 0
0.10805 2.70992 2.70468 4 3 0
0.10805 2.71044 2.70415 4 3 0
0.107884 2.75856 2.63717 4 3 0
0.107539 2.79311 2.55048 4 3 0
0.1073 2.81561 2.45043 4 3 0
0.107292 2.81851 2.43219 4 3 0
0.107706 2.83019 2.3256 3 3 0
0.111481 2.82334 2.22333 3 3 0
0.124095 2.77606 2.15953 3 3 0
0.134644 2.73445 2.12946 3 3 0
0.145637 2.68951 2.10312 3 3 0
0.157358 2.63665 2.07843 3 3 0
0.169062 2.57362 2.05612 3 3 0
0.178407 2.48149 2.0398 3 3 0
0.182607 2.34458 2.0333 3 3 0
0.18446 2.19781 2.03377 3 3 0
0.185496 2.07638 2.06206 3 3 0
0.185346 2.10471 2.04722 3 3 0
0.184033 2.23654 2.03275 3 3 0
0.181882 2.38365 2.0343 3 3 0
0.176749 2.50586 2.04273 3 3 0
0.166187 2.5915 2.06153 3 3 0
0.154017 2.65304 2.08517 3 3 0
0.142413 2.70303 2.11069 3 3 0
0.13175 2.74606 2.13696 3 3 0
0.12213 2.78384 2.16618 3 3 0
0.113603 2.81613 2.20578 3 3 0
0.107611 2.82913 2.33567 3 3 0
0.107292 2.81829 2.43222 4 3 0
0.107477 2.79816 2.53248 4 3 0
0.107822 2.76647 2.62123 4 3 0
0.108042 2.72013 2.69358 4 3 0
0.10805 2.70991 2.7047 4 3 0
0.10805 2.71043 2.70416 4 3 0
0.107884 2.75855 2.63726 4 3 0
0.107539 2.79301 2.55056 4 3 0
0.1073 2.81557 2.45046 4 3 0
0.107292 2.81858 2.43205 4 3 0
0.107705 2.83024 2.32551 3 3 0
0.111481 2.8236 2.22337 3 3 0
0.124095 2.77631 2.15954 3 3 0
0.134644 2.7342 2.12933 3 3 0
0.145637 2.68934 2.10311 3 3 0
0.157358 2.63748 2.07848 3 3 0
0.169062 2.57348 2.05611 3 3 0
0.178407 2.48143 2.03985 3 3 0
0.182607 2.34471 2.03325 3 3 0
0.18446 2.19785 2.03381 3 3 0
0.185496 2.07638 2.06204 3 3 0
0.185346 2.10486 2.04722 3 3 0
0.185504 2.06875 2.06875 4 3 0
0.185496 2.07604 2.0623 3 3 0
0.185495 2.07643 2.062 3 3 0
0.185354 2.10363 2.04768 3 3 0
0.185035 2.14142 2.03873 3 3 0
0.184557 2.18861 2.03422 3 3 0
0.18394 2.24464 2.03265 3 3 0
0.183152 2.3082 2.03272 3 3 0
0.181497 2.40083 2.035 3 3 0
0.177977 2.48852 2.04053 3 3 0
0.170776 2.56178 2.05307 3 3 0
0.16054 2.62174 2.07216 3 3 0
0.149051 2.675 2.09562 3 3 0
0.13783 2.72161 2.12141 3 3 0
0.127599 2.76257 2.14888 3 3 0
0.118424 2.79809 2.18043 3 3 0
0.110463 2.8267 2.23529 3 3 0
0.107315 2.82268 2.40278 3 3 0
0.107292 2.8187 2.43212 3 3 0
0.107477 2.79809 2.53238 4 3 0
0.107821 2.76658 2.62115 4 3 0
0.108042 2.72019 2.69351 4 3 0
0.10805 2.70972 2.70488 4 3 0
0.10805 2.71024 2.70435 4 3 0
0.107885 2.75842 2.63742 4 3 0
0.10754 2.79291 2.55102 4 3 0
0.1073 2.81567 2.45102 4 3 0
0.107292 2.81869 2.43205 4 3 0
0.107705 2.83015 2.32566 3 3 0
0.111481 2.82359 2.2233 3 3 0
0.124095 2.77631 2.15959 3 3 0
0.134644 2.73422 2.12943 3 3 0
0.145636 2.68918 2.10311 3 3 0
0.157357 2.63752 2.07845 3 3 0
0.169062 2.57313 2.05621 3 3 0
0.178407 2.48101 2.0398 3 3 0
0.182607 2.34491 2.03324 3 3 0
0.18446 2.19784 2.03377 3 3 0
0.185496 2.07638 2.06205 3 3 0
0.185346 2.10487 2.04723 3 3 0
0.184033 2.23652 2.03272 3 3 0
0.181882 2.38331 2.03425 3 3 0
0.176749 2.50574 2.04258 3 3 0
0.166187 2.5915 2.06164 3 3 0
0.154017 2.65299 2.08518 3 3 0
0.142413 2.703 2.11052 3 3 0
0.13175 2.74598 2.13711 3 3 0
0.12213 2.78392 2.1663 3 3 0
0.113603 2.81612 2.20593 3 3 0
0.107611 2.82959 2.3357 3 3 0
0.107292 2.81866 2.43215 4 3 0
0.107477 2.79818 2.53249 4 3 0
0.107822 2.76643 2.62124 4 3 0
0.108042 2.72014 2.69357 4 3 0
0.10805 2.70992 2.70469 4 3 0
0.10805 2.71044 2.70415 4 3 0
0.107884 2.75857 2.63723 4 3 0
0.107539 2.7931 2.55065 4 3 0
0.1073 2.81564 2.45047 4 3 0
0.107292 2.81855 2.43205 4 3 0
0.107705 2.82974 2.32551 3 3 0
0.111481 2.82333 2.22344 3 3 0
0.124095 2.77585 2.15959 3 3 0
0.134644 2.73435 2.12935 3 3 0
0.145636 2.68946 2.10312 3 3 0
0.157357 2.63736 2.07841 3 3 0
0.169062 2.57362 2.05612 3 3 0
0.178407 2.48145 2.03978 3 3 0
0.182607 2.34469 2.03329 3 3 0
0.18446 2.19784 2.03379 3 3 0
0.185496 2.07638 2.06204 3 3 0
0.185346 2.10479 2.04722 3 3 0
0.184033 2.23649 2.03272 3 3 0
0.181883 2.3839 2.0342 3 3 0
0.17675 2.50569 2.04257 3 3 0
0.166188 2.59143 2.06164 3 3 0
0.154018 2.65306 2.08526 3 3 0
0.142414 2.70304 2.11077 3 3 0
0.13175 2.74619 2.13696 3 3 0
0.122131 2.78374 2.16618 3 3 0
0.113603 2.81594 2.20578 3 3 0
0.107611 2.82915 2.33566 3 3 0
0.107292 2.81831 2.43216 4 3 0
0.107477 2.79816 2.53247 4 3 0
0.107822 2.76655 2.62123 4 3 0
0.108042 2.72012 2.69357 4 3 0
0.10805 2.70991 2.7047 4 3 0
0.10805 2.71042 2.70416 4 3 0
0.107884 2.75851 2.63716 4 3 0
0.107539 2.79309 2.55053 4 3 0
0.1073 2.81569 2.45044 4 3 0
0.107292 2.81868 2.43213 4 3 0
0.107705 2.83024 2.32567 3 3 0
0.111481 2.82358 2.22333 3 3 0
0.124095 2.77631 2.15961 3 3 0
0.134643 2.7344 2.12936 3 3 0
0.145637 2.68923 2.10321 3 3 0
0.157357 2.63753 2.07843 3 3 0
0.169062 2.57274 2.05613 3 3 0
0.178407 2.48132 2.03997 3 3 0
0.182607 2.34483 2.03322 3 3 0
0.18446 2.19778 2.03378 3 3 0
0.185496 2.07638 2.06204 3 3 0
0.185346 2.10485 2.04722 3 3 0
0.184033 2.23652 2.03269 3 3 0
0.181882 2.38394 2.03433 3 3 0
0.176749 2.50587 2.04279 3 3 0
0.166187 2.59141 2.06155 3 3 0
0.154017 2.653 2.08525 3 3 0
0.142413 2.70293 2.11045 3 3 0
0.13175 2.74608 2.13708 3 3 0
0.12213 2.78394 2.16628 3 3 0
0.113603 2.81618 2.20583 3 3 0
0.107611 2.82951 2.33566 3 3 0
0.107292 2.81858 2.43221 4 3 0
0.107477 2.79818 2.53247 4 3 0
0.107822 2.7664 2.62123 4 3 0
0.108042 2.72012 2.69357 4 3 0
0.10805 2.70991 2.7047 4 3 0
0.10805 2.71043 2.70416 4 3 0
0.107884 2.75854 2.63718 4 3 0
0.107539 2.79311 2.5505 4 3 0
0.1073 2.81566 2.45046 4 3 0
0.107292 2.81833 2.43207 4 3 0
0.107705 2.83009 2.3256 3 3 0
0.111481 2.82313 2.22334 3 3 0
0.124095 2.77587 2.15963 3 3 0
0.134644 2.73423 2.12941 3 3 0
0.145636 2.68959 2.10311 3 3 0
0.157357 2.63716 2.07841 3 3 0
0.169062 2.57364 2.05612 3 3 0
0.178407 2.48149 2.03986 3 3 0
0.182607 2.34489 2.03346 3 3 0
0.18446 2.19785 2.03383 3 3 0
0.185496 2.07638 2.06205 3 3 0
0.185346 2.10479 2.04722 3 3 0
0.184033 2.23622 2.0327 3 3 0
0.181882 2.38407 2.03419 3 3 0
0.176749 2.50586 2.04261 3 3 0
0.166187 2.59148 2.06144 3 3 0
0.154017 2.65302 2.08522 3 3 0
0.142413 2.70284 2.11043 3 3 0
0.13175 2.74614 2.13698 3 3 0
0.12213 2.78383 2.16626 3 3 0
0.113603 2.81596 2.20594 3 3 0
0.107611 2.82925 2.33567 3 3 0
0.107292 2.81849 2.43213 4 3 0
0.107477 2.79818 2.53246 4 3 0
0.107822 2.76646 2.62123 4 3 0
0.108042 2.72014 2.69358 4 3 0
0.10805 2.70992 2.70468 4 3 0
0.10805 2.71044 2.70415 4 3 0
0.107884 2.75856 2.63717 4 3 0
0.107539 2.79311 2.55048 4 3 0
0.1073 2.81561 2.45043 4 3 0
0.107292 2.81851 2.43219 4 3 0
0.107706 2.83019 2.3256 3 3 0
0.111481 2.82334 2.22333 3 3 0
0.124095 2.77606 2.15953 3 3 0
0.134644 2.73445 2.12946 3 3 0
0.145637 2.68951 2.10312 3 3 0
0.157358 2.63665 2.07843 3 3 0
0.169062 2.57362 2.05612 3 3 0
0.178407 2.48149 2.0398 3 3 0
0.182607 2.34458 2.0333 3 3 0
0.18446 2.19781 2.03377 3 3 0
0.185496 2.07638 2.06206 3 3 0
0.185346 2.10471 2.04722 3 3 0
0.184033 2.23654 2.03275 3 3 0
0.181882 2.38365 2.0343 3 3 0
0.176749 2.50586 2.04273 3 3 0
0.166187 2.5915 2.06153 3 3 0
0.154017 2.65304 2.08517 3 3 0
0.142413 2.70303 2.11069 3 3 0
0.13175 2.74606 2.13696 3 3 0
0.12213 2.78384 2.16618 3 3 0
0.113603 2.81613 2.20578 3 3 0
0.107611 2.82913 2.33567 3 3 0
0.107292 2.81829 2.43222 4 3 0
0.107477 2.79816 2.53248 4 3 0
0.107822 2.76647 2.62123 4 3 0
0.108042 2.72013 2.69358 4 3 0
0.10805 2.70991 2.7047 4 3 0
0.10805 2.71043 2.70416 4 3 0
0.107884 2.75855 2.63726 4 3 0
0.107539 2.79301 2.55056 4 3 0
0.1073 2.81557 2.45046 4 3 0
0.107292 2.81858 2.43205 4 3 0
0.107705 2.83024 2.32551 3 3 0
0.111481 2.8236 2.22337 3 3 0
0.124095 2.77631 2.15954 3 3 0
0.134644 2.7342 2.12933 3 3 0
0.145637 2.68934 2.10311 3 3 0
0.157358 2.63748 2.07848 3 3 0
0.169062 2.57348 2.05611 3 3 0
0.178407 2.48143 2.03985 3 3 0
0.182607 2.34471 2.03325 3 3 0
0.18446 2.19785 2.03381 3 3 0
0.185496 2.07638 2.06204 3 3 0
0.185346 2.10486 2.04722 3 3 0
0.185504 2.06875 2.06875 4 3 0
0.185496 2.07604 2.0623 3 3 0
0.185468 2.08422 2.0567 3 3 0
0.185422 2.09321 2.05193 3 3 0
0.185359 2.10297 2.04789 3 3 0
0.185281 2.11342 2.04454 3 3 0
0.185189 2.12449 2.04178 3 3 0
0.185085 2.13612 2.03954 3 3 0
0.18497 2.14824 2.03775 3 3 0
0.184846 2.16085 2.03632 3 3 0
0.184714 2.17379 2.03521 3 3 0
0.184575 2.18707 2.03436 3 3 0
0.18443 2.2006 2.03368 3 3 0
0.18428 2.2144 2.03318 3 3 0
0.184125 2.2284 2.03283 3 3 0
0.183964 2.24256 2.03284 3 3 0
0.183798 2.25683 2.03281 3 3 0
0.183626 2.27118 2.03277 3 3 0
0.183448 2.28559 2.03249 3 3 0
0.183261 2.3 2.03261 3 3 0
0.183065 2.31436 2.0328 3 3 0
0.182858 2.32862 2.03295 3 3 0
0.182638 2.3429 2.03318 3 3 0
0.182401 2.35702 2.03347 3 3 0
0.182146 2.37103 2.03382 3 3 0
0.181869 2.3847 2.03421 3 3 0
0.181566 2.39809 2.0347 3 3 0
0.181233 2.41105 2.03519 3 3 0
0.180866 2.42387 2.03582 3 3 0
0.180461 2.43631 2.03657 3 3 0
0.180013 2.44841 2.03712 3 3 0
0.179519 2.46001 2.03793 3 3 0
0.178975 2.47119 2.03887 3 3 0
0.17838 2.48191 2.03998 3 3 0
0.177731 2.49223 2.04097 3 3 0
0.177029 2.50214 2.0421 3 3 0
0.176275 2.51155 2.0434 3 3 0
0.175471 2.52068 2.04484 3 3 0
0.174618 2.52946 2.04643 3 3 0
0.173721 2.53806 2.04783 3 3 0
0.172783 2.54617 2.04954 3 3 0
0.171809 2.55399 2.05138 3 3 0
0.170801 2.56112 2.05302 3 3 0
0.169765 2.56846 2.05496 3 3 0
0.168703 2.57561 2.05693 3 3 0
0.16762 2.58284 2.05891 3 3 0
0.166518 2.58954 2.06087 3 3 0
0.1654 2.59606 2.0629 3 3 0
0.16427 2.60238 2.06502 3 3 0
0.16313 2.60854 2.06715 3 3 0
0.161982 2.61456 2.06934 3 3 0
0.160827 2.62051 2.07161 3 3 0
0.159669 2.62627 2.0739 3 3 0
0.158508 2.63191 2.07624 3 3 0
0.157345 2.63762 2.07849 3 3 0
0.156183 2.64307 2.08079 3 3 0
0.155023 2.64841 2.08313 3 3 0
0.153864 2.65347 2.0856 3 3 0
0.15271 2.65876 2.08803 3 3 0
0.151559 2.66394 2.09045 3 3 0
0.150413 2.66887 2.09274 3 3 0
0.149273 2.67375 2.09517 3 3 0
0.148139 2.67869 2.09761 3 3 0
0.147012 2.68371 2.10009 3 3 0
0.145892 2.68841 2.10258 3 3 0
0.14478 2.69304 2.10508 3 3 0
0.143676 2.6978 2.1076 3 3 0
0.14258 2.70235 2.1101 3 3 0
0.141493 2.70683 2.11261 3 3 0
0.140415 2.71122 2.11513 3 3 0
0.139347 2.71556 2.11769 3 3 0
0.138287 2.71983 2.12026 3 3 0
0.137238 2.7238 2.1228 3 3 0
0.136198 2.72809 2.1254 3 3 0
0.135168 2.7323 2.12801 3 3 0
0.134148 2.73663 2.13066 3 3 0
0.133138 2.74067 2.13331 3 3 0
0.132139 2.74465 2.13597 3 3 0
0.13115 2.74857 2.13886 3 3 0
0.130171 2.75246 2.14155 3 3 0
0.129204 2.75628 2.14428 3 3 0
0.128246 2.76003 2.14685 3 3 0
0.1273 2.76374 2.14965 3 3 0
0.126365 2.76739 2.15247 3 3 0
0.125441 2.77085 2.15538 3 3 0
0.124528 2.77445 2.15828 3 3 0
0.123626 2.77799 2.16122 3 3 0
0.122736 2.78147 2.16408 3 3 0
0.121858 2.78485 2.16715 3 3 0
0.120992 2.78818 2.17029 3 3 0
0.120138 2.79123 2.17352 3 3 0
0.119297 2.79448 2.17683 3 3 0
0.11847 2.79767 2.18024 3 3 0
0.117656 2.80073 2.18378 3 3 0
0.116857 2.80377 2.18747 3 3 0
0.116074 2.80672 2.19132 3 3 0
0.115307 2.8099 2.19539 3 3 0
0.11456 2.81266 2.19968 3 3 0
0.113833 2.81531 2.20424 3 3 0
0.11313 2.81783 2.20918 3 3 0
0.112454 2.82021 2.21443 3 3 0
0.11181 2.82242 2.22012 3 3 0
0.111202 2.82396 2.22633 3 3 0
0.110637 2.82583 2.23307 3 3 0
0.110121 2.82744 2.24039 3 3 0
0.109657 2.82902 2.24826 3 3 0
0.109249 2.82998 2.25675 3 3 0
0.108897 2.83067 2.26574 3 3 0
0.108597 2.83129 2.27503 3 3 0
0.108346 2.83147 2.28479 3 3 0
0.108136 2.83143 2.29483 3 3 0
0.107963 2.83116 2.30504 3 3 0
0.107819 2.83075 2.31545 3 3 0
0.107701 2.83019 2.32599 3 3 0
0.107604 2.82939 2.3366 3 3 0
0.107525 2.82857 2.34719 3 3 0
0.107462 2.82763 2.35783 3 3 0
0.107411 2.82675 2.36851 3 3 0
0.107371 2.82563 2.3792 3 3 0
0.10734 2.82442 2.3899 3 3 0
0.107318 2.82311 2.40053 3 3 0
0.107303 2.82172 2.41107 3 3 0
0.107295 2.82024 2.42159 3 3 0
0.107292 2.8184 2.43207 4 3 0
0.107295 2.8168 2.44248 4 3 0
0.107302 2.81512 2.45286 4 3 0
0.107313 2.81348 2.46315 4 3 0
0.107328 2.81157 2.47332 4 3 0
0.107346 2.80956 2.48334 4 3 0
0.107367 2.80749 2.49331 4 3 0
0.107391 2.80534 2.50323 4 3 0
0.107417 2.80309 2.51296 4 3 0
0.107446 2.80066 2.52261 4 3 0
0.107476 2.79823 2.53208 4 3 0
0.107507 2.79568 2.54145 4 3 0
0.10754 2.79303 2.55074 4 3 0
0.107574 2.79023 2.55982 4 3 0
0.107608 2.78732 2.56879 4 3 0
0.107643 2.78418 2.57763 4 3 0
0.107678 2.7811 2.58634 4 3 0
0.107713 2.77788 2.59484 4 3 0
0.107748 2.77459 2.6032 4 3 0
0.107781 2.77108 2.61141 4 3 0
0.107814 2.76743 2.61941 4 3 0
0.107846 2.76364 2.62728 4 3 0
0.107876 2.75971 2.63495 4 3 0
0.107904 2.75563 2.64247 4 3 0
0.107931 2.75141 2.64987 4 3 0
0.107955 2.74708 2.65702 4 3 0
0.107977 2.74258 2.66401 4 3 0
0.107996 2.73789 2.67086 4 3 0
0.108013 2.73306 2.67749 4 3 0
0.108027 2.72808 2.68396 4 3 0
0.108037 2.72296 2.69028 4 3 0
0.108045 2.71766 2.69639 4 3 0
0.108049 2.71218 2.70233 4 3 0
0.108051 2.70744 2.7072 3 3 0
0.108049 2.71306 2.7014 4 3 0
0.108044 2.71852 2.69542 4 3 0
0.108036 2.7238 2.68928 4 3 0
0.108025 2.72893 2.68295 4 3 0
0.108011 2.73389 2.67645 4 3 0
0.107994 2.73862 2.66977 4 3 0
0.107974 2.74328 2.66291 4 3 0
0.107951 2.74777 2.65588 4 3 0
0.107927 2.7521 2.64873 4 3 0
0.1079 2.7563 2.64137 4 3 0
0.107871 2.76035 2.63379 4 3 0
0.107841 2.76427 2.62609 4 3 0
0.107809 2.76803 2.61816 4 3 0
0.107776 2.77164 2.61008 4 3 0
0.107742 2.77512 2.60185 4 3 0
0.107708 2.77849 2.59348 4 3 0
0.107673 2.78173 2.58498 4 3 0
0.107638 2.78468 2.57623 4 3 0
0.107603 2.78771 2.56738 4 3 0
0.107568 2.79061 2.5584 4 3 0
0.107535 2.79344 2.54925 4 3 0
0.107502 2.79611 2.54002 4 3 0
0.107471 2.79868 2.53066 4 3 0
0.107441 2.80104 2.52113 4 3 0
0.107413 2.80341 2.51141 4 3 0
0.107387 2.80568 2.50161 4 3 0
0.107364 2.8076 2.49173 4 3 0
0.107343 2.8097 2.48173 4 3 0
0.107325 2.8117 2.47165 4 3 0
0.107311 2.81352 2.46147 4 3 0
0.107301 2.81526 2.45118 4 3 0
0.107294 2.81699 2.44085 4 3 0
0.107292 2.81848 2.43202 3 3 0
0.107295 2.82 2.42153 3 3 0
0.107303 2.82143 2.41101 3 3 0
0.107318 2.823 2.40041 3 3 0
0.10734 2.82428 2.38979 3 3 0
0.107371 2.82547 2.37917 3 3 0
0.107411 2.82661 2.36856 3 3 0
0.107462 2.82762 2.35782 3 3 0
0.107526 2.82853 2.34712 3 3 0
0.107605 2.82935 2.33655 3 3 0
0.107702 2.83003 2.32592 3 3 0
0.185504 2.06875 2.06875 4 3 0
0.185496 2.07604 2.0623 3 3 0
0.185468 2.08422 2.0567 3 3 0
0.185422 2.09321 2.05193 3 3 0
0.185359 2.10297 2.04789 3 3 0
0.185281 2.11342 2.04454 3 3 0
0.185189 2.12449 2.04178 3 3 0
0.185085 2.13612 2.03954 3 3 0
0.18497 2.14824 2.03775 3 3 0
0.184846 2.16085 2.03632 3 3 0
0.184714 2.17379 2.03521 3 3 0
0.184575 2.18707 2.03436 3 3 0
0.18443 2.2006 2.03368 3 3 0
0.18428 2.2144 2.03318 3 3 0
0.184125 2.2284 2.03283 3 3 0
0.183964 2.24256 2.03284 3 3 0
0.183798 2.25683 2.03281 3 3 0
0.183626 2.27118 2.03277 3 3 0
0.183448 2.28559 2.03249 3 3 0
0.183261 2.3 2.03261 3 3 0
0.183065 2.31436 2.0328 3 3 0
0.182858 2.32862 2.03295 3 3 0
0.182638 2.3429 2.03318 3 3 0
0.182401 2.35702 2.03347 3 3 0
0.182146 2.37103 2.03382 3 3 0
0.181869 2.3847 2.03421 3 3 0
0.181566 2.39809 2.0347 3 3 0
0.181233 2.41105 2.03519 3 3 0
0.180866 2.42387 2.03582 3 3 0
0.180461 2.43631 2.03657 3 3 0
0.180013 2.44841 2.03712 3 3 0
0.179519 2.46001 2.03793 3 3 0
0.178975 2.47119 2.03887 3 3 0
0.17838 2.48191 2.03998 3 3 0
0.177731 2.49223 2.04097 3 3 0
0.177029 2.50214 2.0421 3 3 0
0.176275 2.51155 2.0434 3 3 0
0.175471 2.52068 2.04484 3 3 0
0.174618 2.52946 2.04643 3 3 0
0.173721 2.53806 2.04783 3 3 0
0.172783 2.54617 2.04954 3 3 0
0.171809 2.55399 2.05138 3 3 0
0.170801 2.56112 2.05302 3 3 0
0.169765 2.56846 2.05496 3 3 0
0.168703 2.57561 2.05693 3 3 0
0.16762 2.58284 2.05891 3 3 0
0.166518 2.58954 2.06087 3 3 0
0.1654 2.59606 2.0629 3 3 0
0.16427 2.60238 2.06502 3 3 0
0.16313 2.60854 2.06715 3 3 0
0.161982 2.61456 2.06934 3 3 0
0.160827 2.62051 2.07161 3 3 0
0.159669 2.62627 2.0739 3 3 0
0.158508 2.63191 2.07624 3 3 0
0.157345 2.63762 2.07849 3 3 0
0.156183 2.64307 2.08079 3 3 0
0.155023 2.64841 2.08313 3 3 0
0.153864 2.65347 2.0856 3 3 0
0.15271 2.65876 2.08803 3 3 0
0.151559 2.66394 2.09045 3 3 0
0.150413 2.66887 2.09274 3 3 0
0.149273 2.67375 2.09517 3 3 0
0.148139 2.67869 2.09761 3 3 0
0.147012 2.68371 2.10009 3 3 0
0.145892 2.68841 2.10258 3 3 0
0.14478 2.69304 2.10508 3 3 0
0.143676 2.6978 2.1076 3 3 0
0.14258 2.70235 2.1101 3 3 0
0.141493 2.70683 2.11261 3 3 0
0.140415 2.71122 2.11513 3 3 0
0.139347 2.71556 2.11769 3 3 0
0.138287 2.71983 2.12026 3 3 0
0.137238 2.7238 2.1228 3 3 0
0.136198 2.72809 2.1254 3 3 0
0.135168 2.7323 2.12801 3 3 0
0.134148 2.73663 2.13066 3 3 0
0.133138 2.74067 2.13331 3 3 0
0.132139 2.74465 2.13597 3 3 0
0.13115 2.74857 2.13886 3 3 0
0.130171 2.75246 2.14155 3 3 0
0.129204 2.75628 2.14428 3 3 0
0.128246 2.76003 2.14685 3 3 0
0.1273 2.76374 2.14965 3 3 0
0.126365 2.76739 2.15247 3 3 0
0.125441 2.77085 2.15538 3 3 0
0.124528 2.77445 2.15828 3 3 0
0.123626 2.77799 2.16122 3 3 0
0.122736 2.78147 2.16408 3 3 0
0.121858 2.78485 2.16715 3 3 0
0.120992 2.78818 2.17029 3 3 0
0.120138 2.79123 2.17352 3 3 0
0.119297 2.79448 2.17683 3 3 0
0.11847 2.79767 2.18024 3 3 0
0.117656 2.80073 2.18378 3 3 0
0.116857 2.80377 2.18747 3 3 0
0.116074 2.80672 2.19132 3 3 0
0.115307 2.8099 2.19539 3 3 0
0.11456 2.81266 2.19968 3 3 0
0.113833 2.81531 2.20424 3 3 0
0.11313 2.81783 2.20918 3 3 0
0.112454 2.82021 2.21443 3 3 0
0.11181 2.82242 2.22012 3 3 0
0.111202 2.82396 2.22633 3 3 0
0.110637 2.82583 2.23307 3 3 0
0.110121 2.82744 2.24039 3 3 0
0.109657 2.82902 2.24826 3 3 0
0.109249 2.82998 2.25675 3 3 0
0.108897 2.83067 2.26574 3 3 0
0.108597 2.83129 2.27503 3 3 0
0.108346 2.83147 2.28479 3 3 0
0.108136 2.83143 2.29483 3 3 0
0.107963 2.83116 2.30504 3 3 0
0.107819 2.83075 2.31545 3 3 0
0.107701 2.83019 2.32599 3 3 0
0.107604 2.82939 2.3366 3 3 0
0.107525 2.82857 2.34719 3 3 0
0.107462 2.82763 2.35783 3 3 0
0.107411 2.82675 2.36851 3 3 0
0.107371 2.82563 2.3792 3 3 0
0.10734 2.82442 2.3899 3 3 0
0.107318 2.82311 2.40053 3 3 0
0.107303 2.82172 2.41107 3 3 0
0.107295 2.82024 2.42159 3 3 0
0.107292 2.8184 2.43207 4 3 0
0.107295 2.8168 2.44248 4 3 0
0.107302 2.81512 2.45286 4 3 0
0.107313 2.81348 2.46315 4 3 0
0.107328 2.81157 2.47332 4 3 0
0.107346 2.80956 2.48334 4 3 0
0.107367 2.80749 2.49331 4 3 0
0.107391 2.80534 2.50323 4 3 0
0.107417 2.80309 2.51296 4 3 0
0.107446 2.80066 2.52261 4 3 0
0.107476 2.79823 2.53208 4 3 0
0.107507 2.79568 2.54145 4 3 0
0.10754 2.79303 2.55074 4 3 0
0.107574 2.79023 2.55982 4 3 0
0.107608 2.78732 2.56879 4 3 0
0.107643 2.78418 2.57763 4 3 0
0.107678 2.7811 2.58634 4 3 0
0.107713 2.77788 2.59484 4 3 0
0.107748 2.77459 2.6032 4 3 0
0.107781 2.77108 2.61141 4 3 0
0.107814 2.76743 2.61941 4 3 0
0.107846 2.76364 2.62728 4 3 0
0.107876 2.75971 2.63495 4 3 0
0.107904 2.75563 2.64247 4 3 0
0.107931 2.75141 2.64987 4 3 0
0.107955 2.74708 2.65702 4 3 0
0.107977 2.74258 2.66401 4 3 0
0.107996 2.73789 2.67086 4 3 0
0.108013 2.73306 2.67749 4 3 0
0.108027 2.72808 2.68396 4 3 0
0.108037 2.72296 2.69028 4 3 0
0.108045 2.71766 2.69639 4 3 0
0.108049 2.71218 2.70233 4 3 0
0.108051 2.70744 2.7072 3 3 0
0.108049 2.71306 2.7014 4 3 0
0.108044 2.71852 2.69542 4 3 0
0.108036 2.7238 2.68928 4 3 0
0.108025 2.72893 2.68295 4 3 0
0.108011 2.73389 2.67645 4 3 0
0.107994 2.73862 2.66977 4 3 0
0.107974 2.74328 2.66291 4 3 0
0.107951 2.74777 2.65588 4 3 0
0.107927 2.7521 2.64873 4 3 0
0.1079 2.7563 2.64137 4 3 0
0.107871 2.76035 2.63379 4 3 0
0.107841 2.76427 2.62609 4 3 0
0.107809 2.76803 2.61816 4 3 0
0.107776 2.77164 2.61008 4 3 0
0.107742 2.77512 2.60185 4 3 0
0.107708 2.77849 2.59348 4 3 0
0.107673 2.78173 2.58498 4 3 0
0.107638 2.78468 2.57623 4 3 0
0.107603 2.78771 2.56738 4 3 0
0.107568 2.79061 2.5584 4 3 0
0.107535 2.79344 2.54925 4 3 0
0.107502 2.79611 2.54002 4 3 0
0.107471 2.79868 2.53066 4 3 0
0.107441 2.80104 2.52113 4 3 0
0.107413 2.80341 2.51141 4 3 0
0.107387 2.80568 2.50161 4 3 0
0.107364 2.8076 2.49173 4 3 0
0.107343 2.8097 2.48173 4 3 0
0.107325 2.8117 2.47165 4 3 0
0.107311 2.81352 2.46147 4 3 0
0.107301 2.81526 2.45118 4 3 0
0.107294 2.81699 2.44085 4 3 0
0.107292 2.81848 2.43202 3 3 0
0.107295 2.82 2.42153 3 3 0
0.107303 2.82143 2.41101 3 3 0
0.107318 2.823 2.40041 3 3 0
0.10734 2.82428 2.38979 3 3 0
0.107371 2.82547 2.37917 3 3 0
0.107411 2.82661 2.36856 3 3 0
0.107462 2.82762 2.35782 3 3 0
0.107526 2.82853 2.34712 3 3 0
0.107605 2.82935 2.33655 3 3 0
0.107702 2.83003 2.32592 3 3 0
0.185504 2.06875 2.06875 4 3 0
0.185496 2.07604 2.0623 3 3 0
0.185468 2.08422 2.0567 3 3 0
0.185422 2.09321 2.05193 3 3 0
0.185359 2.10297 2.04789 3 3 0
0.185281 2.11342 2.04454 3 3 0
0.185189 2.12449 2.04178 3 3 0
0.185085 2.13612 2.03954 3 3 0
0.18497 2.14824 2.03775 3 3 0
0.184846 2.16085 2.03632 3 3 0
0.184714 2.17379 2.03521 3 3 0
0.184575 2.18707 2.03436 3 3 0
0.18443 2.2006 2.03368 3 3 0
0.18428 2.2144 2.03318 3 3 0
0.184125 2.2284 2.03283 3 3 0
0.183964 2.24256 2.03284 3 3 0
0.183798 2.25683 2.03281 3 3 0
0.183626 2.27118 2.03277 3 3 0
0.183448 2.28559 2.03249 3 3 0
0.183261 2.3 2.03261 3 3 0
0.183065 2.31436 2.0328 3 3 0
0.182858 2.32862 2.03295 3 3 0
0.182638 2.3429 2.03318 3 3 0
0.182401 2.35702 2.03347 3 3 0
0.182146 2.37103 2.03382 3 3 0
0.181869 2.3847 2.03421 3 3 0
0.181566 2.39809 2.0347 3 3 0
0.181233 2.41105 2.03519 3 3 0
0.180866 2.42387 2.03582 3 3 0
0.180461 2.43631 2.03657 3 3 0
0.180013 2.44841 2.03712 3 3 0
0.179519 2.46001 2.03793 3 3 0
0.178975 2.47119 2.03887 3 3 0
0.17838 2.48191 2.03998 3 3 0
0.177731 2.49223 2.04097 3 3 0
0.177029 2.50214 2.0421 3 3 0
0.176275 2.51155 2.0434 3 3 0
0.175471 2.52068 2.04484 3 3 0
0.174618 2.52946 2.04643 3 3 0
0.173721 2.53806 2.04783 3 3 0
0.172783 2.54617 2.04954 3 3 0
0.171809 2.55399 2.05138 3 3 0
0.170801 2.56112 2.05302 3 3 0
0.169765 2.56846 2.05496 3 3 0
0.168703 2.57561 2.05693 3 3 0
0.16762 2.58284 2.05891 3 3 0
0.166518 2.58954 2.06087 3 3 0
0.1654 2.59606 2.0629 3 3 0
0.16427 2.60238 2.06502 3 3 0
0.16313 2.60854 2.06715 3 3 0
0.161982 2.61456 2.06934 3 3 0
0.160827 2.62051 2.07161 3 3 0
0.159669 2.62627 2.0739 3 3 0
0.158508 2.63191 2.07624 3 3 0
0.157345 2.63762 2.07849 3 3 0
0.156183 2.64307 2.08079 3 3 0
0.155023 2.64841 2.08313 3 3 0
0.153864 2.65347 2.0856 3 3 0
0.15271 2.65876 2.08803 3 3 0
0.151559 2.66394 2.09045 3 3 0
0.150413 2.66887 2.09274 3 3 0
0.149273 2.67375 2.09517 3 3 0
0.148139 2.67869 2.09761 3 3 0
0.147012 2.68371 2.10009 3 3 0
0.145892 2.68841 2.10258 3 3 0
0.14478 2.69304 2.10508 3 3 0
0.143676 2.6978 2.1076 3 3 0
0.14258 2.70235 2.1101 3 3 0
0.141493 2.70683 2.11261 3 3 0
0.140415 2.71122 2.11513 3 3 0
0.139347 2.71556 2.11769 3 3 0
0.138287 2.71983 2.12026 3 3 0
0.137238 2.7238 2.1228 3 3 0
0.136198 2.72809 2.1254 3 3 0
0.135168 2.7323 2.12801 3 3 0
0.134148 2.73663 2.13066 3 3 0
0.133138 2.74067 2.13331 3 3 0
0.132139 2.74465 2.13597 3 3 0
0.13115 2.74857 2.13886 3 3 0
0.130171 2.75246 2.14155 3 3 0
0.129204 2.75628 2.14428 3 3 0
0.128246 2.76003 2.14685 3 3 0
0.1273 2.76374 2.14965 3 3 0
0.126365 2.76739 2.15247 3 3 0
0.125441 2.77085 2.15538 3 3 0
0.124528 2.77445 2.15828 3 3 0
0.123626 2.77799 2.16122 3 3 0
0.122736 2.78147 2.16408 3 3 0
0.121858 2.78485 2.16715 3 3 0
0.120992 2.78818 2.17029 3 3 0
0.120138 2.79123 2.17352 3 3 0
0.119297 2.79448 2.17683 3 3 0
0.11847 2.79767 2.18024 3 3 0
0.117656 2.80073 2.18378 3 3 0
0.116857 2.80377 2.18747 3 3 0
0.116074 2.80672 2.19132 3 3 0
0.115307 2.8099 2.19539 3 3 0
0.11456 2.81266 2.19968 3 3 0
0.113833 2.81531 2.20424 3 3 0
0.11313 2.81783 2.20918 3 3 0
0.112454 2.82021 2.21443 3 3 0
0.11181 2.82242 2.22012 3 3 0
0.111202 2.82396 2.22633 3 3 0
0.110637 2.82583 2.23307 3 3 0
0.110121 2.82744 2.24039 3 3 0
0.109657 2.82902 2.24826 3 3 0
0.109249 2.82998 2.25675 3 3 0
0.108897 2.83067 2.26574 3 3 0
0.108597 2.83129 2.27503 3 3 0
0.108346 2.83147 2.28479 3 3 0
0.108136 2.83143 2.29483 3 3 0
0.107963 2.83116 2.30504 3 3 0
0.107819 2.83075 2.31545 3 3 0
0.107701 2.83019 2.32599 3 3 0
0.107604 2.82939 2.3366 3 3 0
0.107525 2.82857 2.34719 3 3 0
0.107462 2.82763 2.35783 3 3 0
0.107411 2.82675 2.36851 3 3 0
0.107371 2.82563 2.3792 3 3 0
0.10734 2.82442 2.3899 3 3 0
0.107318 2.82311 2.40053 3 3 0
0.107303 2.82172 2.41107 3 3 0
0.107295 2.82024 2.42159 3 3 0
0.107292 2.8184 2.43207 4 3 0
0.107295 2.8168 2.44248 4 3 0
0.107302 2.81512 2.45286 4 3 0
0.107313 2.81348 2.46315 4 3 0
0.107328 2.81157 2.47332 4 3 0
0.107346 2.80956 2.48334 4 3 0
0.107367 2.80749 2.49331 4 3 0
0.107391 2.80534 2.50323 4 3 0
0.107417 2.80309 2.51296 4 3 0
0.107446 2.80066 2.52261 4 3 0
0.107476 2.79823 2.53208 4 3 0
0.107507 2.79568 2.54145 4 3 0
0.10754 2.79303 2.55074 4 3 0
0.107574 2.79023 2.55982 4 3 0
0.107608 2.78732 2.56879 4 3 0
0.107643 2.78418 2.57763 4 3 0
0.107678 2.7811 2.58634 4 3 0
0.107713 2.77788 2.59484 4 3 0
0.107748 2.77459 2.6032 4 3 0
0.107781 2.77108 2.61141 4 3 0
0.107814 2.76743 2.61941 4 3 0
0.107846 2.76364 2.62728 4 3 0
0.107876 2.75971 2.63495 4 3 0
0.107904 2.75563 2.64247 4 3 0
0.107931 2.75141 2.64987 4 3 0
0.107955 2.74708 2.65702 4 3 0
0.107977 2.74258 2.66401 4 3 0
0.107996 2.73789 2.67086 4 3 0
0.108013 2.73306 2.67749 4 3 0
0.108027 2.72808 2.68396 4 3 0
0.108037 2.72296 2.69028 4 3 0
0.108045 2.71766 2.69639 4 3 0
0.108049 2.71218 2.70233 4 3 0
0.108051 2.70744 2.7072 3 3 0
0.108049 2.71306 2.7014 4 3 0
0.108044 2.71852 2.69542 4 3 0
0.108036 2.7238 2.68928 4 3 0
0.108025 2.72893 2.68295 4 3 0
0.108011 2.73389 2.67645 4 3 0
0.107994 2.73862 2.66977 4 3 0
0.107974 2.74328 2.66291 4 3 0
0.107951 2.74777 2.65588 4 3 0
0.107927 2.7521 2.64873 4 3 0
0.1079 2.7563 2.64137 4 3 0
0.107871 2.76035 2.63379 4 3 0
0.107841 2.76427 2.62609 4 3 0
0.107809 2.76803 2.61816 4 3 0
0.107776 2.77164 2.61008 4 3 0
0.107742 2.77512 2.60185 4 3 0
0.107708 2.77849 2.59348 4 3 0
0.107673 2.78173 2.58498 4 3 0
0.107638 2.78468 2.57623 4 3 0
0.107603 2.78771 2.56738 4 3 0
0.107568 2.79061 2.5584 4 3 0
0.107535 2.79344 2.54925 4 3 0
0.107502 2.79611 2.54002 4 3 0
0.107471 2.79868 2.53066 4 3 0
0.107441 2.80104 2.52113 4 3 0
0.107413 2.80341 2.51141 4 3 0
0.107387 2.80568 2.50161 4 3 0
0.107364 2.8076 2.49173 4 3 0
0.107343 2.8097 2.48173 4 3 0
0.107325 2.8117 2.47165 4 3 0
0.107311 2.81352 2.46147 4 3 0
0.107301 2.81526 2.45118 4 3 0
0.107294 2.81699 2.44085 4 3 0
0.107292 2.81848 2.43202 3 3 0
0.107295 2.82 2.42153 3 3 0
0.107303 2.82143 2.41101 3 3 0
0.107318 2.823 2.40041 3 3 0
0.10734 2.82428 2.38979 3 3 0
0.107371 2.82547 2.37917 3 3 0
0.107411 2.82661 2.36856 3 3 0
0.107462 2.82762 2.35782 3 3 0
0.107526 2.82853 2.34712 3 3 0
0.107605 2.82935 2.33655 3 3 0
0.107702 2.83003 2.32592 3 3 0
0.021103 3.0908 3.0908 2 1 0
0.0210279 3.09087 3.09087 1 1 0
0.0209905 3.09091 3.09091 1 1 0
0.0209533 3.09094 3.09094 1 1 0
0.0209162 3.09097 3.09097 1 1 0
0.0208793 3.09101 3.09101 1 1 0
0.0208424 3.09104 3.09104 1 1 0
0.0208057 3.09107 3.09107 1 1 0
0.0207692 3.0911 3.0911 1 1 0
0.0207327 3.09114 3.09114 1 1 0
0.0206964 3.09117 3.09117 1 1 0
0.0206602 3.0912 3.0912 1 1 0
0.0206242 3.09123 3.09123 1 1 0
0.0205882 3.09127 3.09127 1 1 0
0.0205524 3.0913 3.0913 1 1 0
0.0205168 3.09133 3.09133 1 1 0
0.0204812 3.09136 3.09136 1 1 0
0.0204457 3.09139 3.09139 1 1 0
0.0204104 3.09142 3.09142 1 1 0
0.0203752 3.09145 3.09145 1 1 0
0.0203402 3.09149 3.09149 1 1 0
0.0203052 3.09152 3.09152 1 1 0
0.0202704 3.09155 3.09155 1 1 0
0.0202357 3.09158 3.09158 1 1 0
0.0202011 3.09161 3.09161 1 1 0
0.0201666 3.09164 3.09164 1 1 0
0.0201322 3.09167 3.09167 1 1 0
0.020098 3.0917 3.0917 1 1 0
0.0200638 3.09173 3.09173 1 1 0
0.0200298 3.09175 3.09175 1 1 0
0.0199959 3.09178 3.09178 1 1 0
0.0199621 3.09181 3.09181 1 1 0
0.0199285 3.09184 3.09184 1 1 0
0.0198949 3.09187 3.09187 1 1 0
0.0198614 3.0919 3.0919 1 1 0
0.0198281 3.09193 3.09193 1 1 0
0.0197949 3.09196 3.09196 1 1 0
0.0197618 3.09198 3.09198 1 1 0
0.0197288 3.09201 3.09201 1 1 0
0.0196959 3.09204 3.09204 1 1 0
0.0196631 3.09207 3.09207 1 1 0
0.0196304 3.0921 3.0921 1 1 0
0.0195979 3.09212 3.09212 1 1 0
0.0195654 3.09215 3.09215 1 1 0
0.019533 3.09218 3.09218 1 1 0
0.0195008 3.0922 3.0922 1 1 0
0.0194687 3.09223 3.09223 1 1 0
0.0194366 3.09226 3.09226 1 1 0
0.0194047 3.09228 3.09228 1 1 0
0.0193729 3.09231 3.09231 1 1 0
0.0193411 3.09234 3.09234 1 1 0
0.0193095 3.09236 3.09236 1 1 0
0.019278 3.09239 3.09239 1 1 0
0.0192466 3.09242 3.09242 1 1 0
0.0192153 3.09244 3.09244 1 1 0
0.0191841 3.09247 3.09247 1 1 0
0.019153 3.09249 3.09249 1 1 0
0.019122 3.09252 3.09252 1 1 0
0.0190911 3.09254 3.09254 1 1 0
0.0190602 3.09257 3.09257 1 1 0
0.0190295 3.09259 3.09259 1 1 0
0.0189989 3.09262 3.09262 1 1 0
0.0189684 3.09264 3.09264 1 1 0
0.018938 3.09267 3.09267 1 1 0
0.0189077 3.09269 3.09269 1 1 0
0.0188775 3.09272 3.09272 1 1 0
0.0188473 3.09274 3.09274 1 1 0
0.0188173 3.09276 3.09276 1 1 0
0.0187874 3.09279 3.09279 1 1 0
0.0187575 3.09281 3.09281 1 1 0
0.0187278 3.09284 3.09284 1 1 0
0.0186981 3.09286 3.09286 1 1 0
0.0186686 3.09288 3.09288 1 1 0
0.0186391 3.09291 3.09291 1 1 0
0.0186097 3.09293 3.09293 1 1 0
0.0185805 3.09295 3.09295 1 1 0
0.0185513 3.09298 3.09298 1 1 0
0.0185222 3.093 3.093 1 1 0
0.0184932 3.09302 3.09302 1 1 0
0.0184642 3.09305 3.09305 1 1 0
0.0184354 3.09307 3.09307 1 1 0
0.0184067 3.09309 3.09309 1 1 0
0.018378 3.09311 3.09311 1 1 0
0.0183495 3.09314 3.09314 1 1 0
0.018321 3.09316 3.09316 1 1 0
0.0182926 3.09318 3.09318 1 1 0
0.0182643 3.0932 3.0932 1 1 0
0.0182361 3.09322 3.09322 1 1 0
0.018208 3.09325 3.09325 1 1 0
0.01818 3.09327 3.09327 1 1 0
0.018152 3.09329 3.09329 1 1 0
0.0181242 3.09331 3.09331 1 1 0
0.0180964 3.09333 3.09333 1 1 0
0.0180687 3.09335 3.09335 1 1 0
0.0180411 3.09338 3.09338 1 1 0
0.0180136 3.0934 3.0934 1 1 0
0.0179861 3.09342 3.09342 1 1 0
0.0179588 3.09344 3.09344 1 1 0
0.0179315 3.09346 3.09346 1 1 0
0.0179043 3.09348 3.09348 1 1 0
0.0178772 3.0935 3.0935 1 1 0
0.0178502 3.09352 3.09352 1 1 0
0.0178232 3.09354 3.09354 1 1 0
0.0177964 3.09356 3.09356 1 1 0
0.0177696 3.09358 3.09358 1 1 0
0.0177429 3.0936 3.0936 1 1 0
0.0177163 3.09362 3.09362 1 1 0
0.0176897 3.09364 3.09364 1 1 0
0.0176632 3.09366 3.09366 1 1 0
0.0176369 3.09368 3.09368 1 1 0
0.0176105 3.0937 3.0937 1 1 0
0.0175843 3.09372 3.09372 1 1 0
0.0175582 3.09374 3.09374 1 1 0
0.0175321 3.09376 3.09376 1 1 0
0.0175061 3.09378 3.09378 1 1 0
0.0174802 3.0938 3.0938 1 1 0
0.0174543 3.09382 3.09382 1 1 0
0.0174286 3.09384 3.09384 1 1 0
0.0174029 3.09386 3.09386 1 1 0
0.0173773 3.09388 3.09388 1 1 0
0.0173517 3.09389 3.09389 1 1 0
0.0173263 3.09391 3.09391 1 1 0
0.0173009 3.09393 3.09393 1 1 0
0.0172755 3.09395 3.09395 1 1 0
0.0172503 3.09397 3.09397 1 1 0
0.0172251 3.09399 3.09399 1 1 0
0.0172 3.09401 3.09401 1 1 0
0.017175 3.09402 3.09402 1 1 0
0.0171501 3.09404 3.09404 1 1 0
0.0171252 3.09406 3.09406 1 1 0
0.0171004 3.09408 3.09408 1 1 0
0.0170756 3.0941 3.0941 1 1 0
0.017051 3.09411 3.09411 1 1 0
0.0170264 3.09413 3.09413 1 1 0
0.0170019 3.09415 3.09415 1 1 0
0.0169774 3.09417 3.09417 1 1 0
0.016953 3.09419 3.09419 1 1 0
0.0169287 3.0942 3.0942 1 1 0
0.0169045 3.09422 3.09422 1 1 0
0.0168803 3.09424 3.09424 1 1 0
0.0168562 3.09425 3.09425 1 1 0
0.0168321 3.09427 3.09427 1 1 0
0.0168082 3.09429 3.09429 1 1 0
0.0167843 3.09431 3.09431 1 1 0
0.0167604 3.09432 3.09432 1 1 0
0.0167367 3.09434 3.09434 1 1 0
0.016713 3.09436 3.09436 1 1 0
0.0166894 3.09437 3.09437 1 1 0
0.0166658 3.09439 3.09439 1 1 0
0.0166423 3.09441 3.09441 1 1 0
0.0166189 3.09442 3.09442 1 1 0
0.0165955 3.09444 3.09444 1 1 0
0.0165722 3.09446 3.09446 1 1 0
0.016549 3.09447 3.09447 1 1 0
0.0165258 3.09449 3.09449 1 1 0
0.0165027 3.0945 3.0945 1 1 0
0.0164796 3.09452 3.09452 1 1 0
0.0164567 3.09454 3.09454 1 1 0
0.0164337 3.09455 3.09455 1 1 0
0.0164109 3.09457 3.09457 1 1 0
0.0163881 3.09458 3.09458 1 1 0
0.0163654 3.0946 3.0946 1 1 0
0.0163427 3.09462 3.09462 1 1 0
0.0163201 3.09463 3.09463 1 1 0
0.0162976 3.09465 3.09465 1 1 0
0.0162751 3.09466 3.09466 1 1 0
0.0162527 3.09468 3.09468 1 1 0
0.0162304 3.09469 3.09469 1 1 0
0.0162081 3.09471 3.09471 1 1 0
0.0161858 3.09472 3.09472 1 1 0
0.0161637 3.09474 3.09474 1 1 0
0.0161416 3.09475 3.09475 1 1 0
0.0161195 3.09477 3.09477 1 1 0
0.0160975 3.09478 3.09478 1 1 0
0.0160756 3.0948 3.0948 1 1 0
0.0160537 3.09481 3.09481 1 1 0
0.0160319 3.09483 3.09483 1 1 0
0.0160102 3.09484 3.09484 1 1 0
0.0159885 3.09486 3.09486 1 1 0
0.0159669 3.09487 3.09487 1 1 0
0.0159453 3.09489 3.09489 1 1 0
0.0159238 3.0949 3.0949 1 1 0
0.0159023 3.09492 3.09492 1 1 0
0.0158809 3.09493 3.09493 1 1 0
0.0158596 3.09494 3.09494 1 1 0
0.0158383 3.09496 3.09496 1 1 0
0.0158171 3.09497 3.09497 1 1 0
0.0157959 3.09499 3.09499 1 1 0
0.0157748 3.095 3.095 1 1 0
0.0157537 3.09502 3.09502 1 1 0
0.0157327 3.09503 3.09503 1 1 0
0.0157118 3.09504 3.09504 1 1 0
0.0156909 3.09506 3.09506 1 1 0
0.01567 3.09507 3.09507 1 1 0
0.0156493 3.09508 3.09508 1 1 0
0.0156285 3.0951 3.0951 1 1 0
0.0156079 3.09511 3.09511 1 1 0
0.0155872 3.09513 3.09513 1 1 0
0.0155667 3.09514 3.09514 1 1 0
0.0155462 3.09515 3.09515 1 1 0
